1000 5500 5
2 0 4 0 3 4 3 2 1 4 0 2 2 1 1 1 1 4 0 2 0 0 4 0 4 2 0 1 1 0 2 3 1 4 4 0 2 2 1 4 3 4 0 3 1 4 4 2 4 3 1 3 3 2 2 2 2 0 1 1 4 1 4 3 4 2 3 0 0 1 2 3 3 3 1 3 4 1 3 3 0 2 3 3 2 2 1 1 2 3 0 0 4 3 3 4 4 3 3 3 4 0 2 4 2 2 4 3 2 3 4 3 4 0 4 2 3 4 0 1 0 4 1 3 0 3 3 0 1 4 0 1 0 2 2 0 2 2 2 4 1 1 2 4 2 4 0 3 2 0 3 4 4 2 4 2 3 1 1 4 2 4 3 4 0 2 0 4 3 3 2 2 2 1 4 4 4 0 1 3 4 0 4 4 0 4 3 0 3 2 0 3 2 3 2 1 1 2 2 2 4 4 0 0 4 1 0 4 4 2 0 0 1 2 0 0 2 0 1 1 1 2 1 0 0 4 4 4 0 0 4 0 0 0 4 2 3 4 3 3 1 1 2 0 0 2 1 2 3 1 0 4 3 0 2 1 3 1 3 4 3 2 3 0 1 1 1 3 0 2 2 0 0 1 2 2 1 0 2 0 3 2 2 0 0 1 2 2 1 1 4 2 2 3 1 2 0 4 2 2 3 1 0 3 3 4 4 1 4 1 2 2 4 4 3 3 2 2 3 2 3 1 2 0 0 3 0 4 0 2 0 3 2 1 1 2 0 1 3 3 4 0 2 2 2 3 3 0 0 3 4 3 0 1 4 1 3 2 2 2 0 2 3 1 1 0 0 2 3 0 2 3 2 1 4 0 0 0 3 2 0 1 4 1 3 0 2 3 2 3 0 3 2 2 3 2 1 1 0 2 0 1 1 3 4 1 1 4 0 0 4 2 2 1 4 3 1 4 0 2 3 2 3 1 2 1 0 4 2 2 1 3 3 0 0 0 0 4 0 3 1 2 1 4 0 0 3 3 1 1 3 1 0 0 3 4 4 3 4 1 2 3 4 1 1 0 3 2 4 0 2 4 4 2 1 3 0 3 4 2 0 0 3 1 1 4 2 1 1 1 0 4 1 0 3 1 4 1 4 0 1 0 0 1 0 3 2 2 3 2 4 0 3 1 1 2 3 1 1 4 2 4 1 4 3 0 2 1 0 1 1 1 4 3 1 1 0 3 4 1 3 0 2 1 4 1 2 3 1 1 3 1 1 0 4 3 0 4 3 3 0 2 2 1 4 4 2 2 0 3 3 3 1 4 3 4 4 2 2 2 1 1 3 3 4 3 2 4 4 3 0 4 2 0 2 3 2 3 3 1 3 4 1 4 2 4 1 3 4 3 0 2 4 0 4 0 2 0 4 3 0 2 2 3 2 1 1 1 3 4 1 4 3 4 2 4 2 3 3 0 0 4 1 3 0 3 2 3 1 1 2 4 3 0 0 3 0 3 2 0 3 3 1 2 4 2 2 2 2 2 4 4 1 4 3 2 2 1 1 4 0 4 4 0 0 2 1 1 4 4 4 2 4 4 4 3 2 0 2 2 0 1 1 4 4 1 3 2 4 1 1 1 3 0 1 2 2 2 0 1 1 4 2 2 1 4 3 0 1 2 4 3 1 0 4 2 0 1 4 0 1 1 2 4 4 4 3 1 0 4 4 2 1 1 3 3 2 1 2 4 3 4 0 1 2 2 2 0 2 3 3 2 4 1 1 3 1 4 0 1 3 0 2 2 3 1 0 2 2 2 1 2 4 2 2 2 0 4 0 2 0 2 4 3 3 3 2 3 0 3 0 0 0 2 2 0 4 1 0 4 1 4 2 4 3 2 0 2 0 4 4 2 4 1 2 2 4 0 1 4 1 3 3 0 3 2 3 3 3 3 3 0 1 4 2 4 3 1 3 0 3 4 3 2 2 1 1 2 1 4 0 1 3 4 1 4 0 4 4 0 1 0 4 0 1 2 3 0 3 2 3 3 2 0 2 4 3 0 0 1 1 1 2 1 3 4 4 4 2 2 0 2 1 2 3 2 2 2 1 2 4 0 2 4 2 0 4 1 2 2 3 4 1 1 2 4 3 2 4 2 0 2 2 4 3 3 2 2 3 4 0 0 0 2 3 1 4 2 2 4 2 4 3 1 3 2 3 0 4 1 2 0 2 1 1 0 4 0 2 3 4 0 0 1 1 4 2 2 2 3 2 3 1 1 0 2 3 2 0 3
394 742
712 865
215 219
404 536
517 801
322 196
751 376
622 227
741 664
454 133
619 555
150 726
209 132
530 138
189 836
134 403
656 9
475 162
191 280
320 397
631 803
210 222
501 774
386 518
500 920
342 0
133 736
360 850
75 896
19 213
523 649
881 588
425 774
42 69
319 386
442 59
819 461
112 271
57 13
973 553
777 158
902 41
159 916
622 301
736 640
713 943
462 183
819 679
964 925
942 469
948 813
89 993
745 609
453 30
348 987
998 34
182 554
673 308
112 398
486 554
205 808
8 975
809 930
823 702
715 319
674 292
889 36
887 558
526 394
836 840
420 379
526 488
637 404
264 842
561 562
393 255
566 691
964 27
214 307
711 475
234 976
321 196
389 49
29 46
312 520
33 0
511 684
838 534
756 528
244 679
65 426
253 731
415 687
976 132
806 899
573 399
551 366
364 134
168 800
373 996
193 475
818 63
405 375
513 964
897 305
664 260
775 200
608 768
829 38
671 639
690 545
12 66
302 828
914 541
608 641
479 646
587 153
74 977
608 765
251 884
587 473
824 137
410 261
715 598
722 519
386 972
875 622
522 671
926 455
131 757
188 342
203 268
937 547
201 440
245 986
421 711
742 70
340 31
302 282
507 988
673 585
524 270
641 195
257 689
522 56
854 540
259 37
507 433
811 409
138 373
344 26
394 219
493 401
656 243
191 701
576 101
35 243
277 785
25 131
248 694
58 817
568 27
15 83
612 357
584 834
279 695
886 906
557 719
798 888
124 868
359 120
776 834
323 217
198 242
733 104
679 312
842 520
519 514
384 782
830 136
12 418
156 515
283 560
130 245
366 192
576 495
510 601
751 558
28 835
106 584
667 368
693 917
644 583
609 798
500 934
250 423
918 473
741 661
916 139
787 500
914 921
701 133
217 502
536 984
962 436
205 643
808 438
959 3
934 490
662 198
360 636
973 766
704 826
413 599
937 120
528 763
648 466
440 590
564 981
969 753
674 997
75 174
439 927
950 173
43 29
690 705
521 879
556 550
235 278
733 986
892 939
938 697
284 754
233 342
616 323
412 203
343 89
846 562
270 561
735 646
718 54
29 47
262 553
188 465
865 903
909 879
156 852
634 258
55 378
636 132
846 769
59 409
789 90
930 919
495 546
104 552
907 17
784 238
689 234
597 183
561 619
287 811
274 416
343 744
773 456
794 327
834 122
117 163
415 742
933 480
572 874
690 824
254 923
569 26
548 391
464 760
11 219
538 447
620 6
399 183
403 311
359 665
86 330
573 199
282 489
76 60
326 935
131 970
667 661
613 622
947 15
571 433
489 660
237 661
180 78
660 737
275 916
822 768
678 640
319 519
894 599
947 796
4 416
335 161
557 66
128 411
794 771
422 386
351 155
577 208
831 712
513 564
357 758
389 227
509 248
424 709
606 674
601 228
180 5
155 287
733 726
421 431
256 96
883 346
128 483
949 457
727 565
0 797
798 835
763 779
661 896
198 343
312 664
96 782
752 91
31 448
872 191
881 211
737 759
688 646
959 182
622 703
991 504
674 102
227 851
46 203
16 971
833 213
523 934
513 11
314 957
609 785
302 403
172 272
119 96
359 838
820 559
247 277
711 665
352 384
642 206
310 192
877 690
688 621
766 454
168 507
366 381
485 159
168 441
994 892
27 953
858 891
605 23
925 512
329 808
624 493
11 239
602 958
107 234
597 941
714 36
325 564
877 635
857 271
268 229
554 109
649 14
893 441
114 658
66 833
904 177
312 493
123 651
651 471
323 649
901 589
837 186
277 795
888 350
535 762
50 363
664 254
488 187
888 519
601 842
962 494
778 736
851 874
391 173
245 581
585 376
727 252
336 220
674 822
297 597
862 967
669 637
661 526
520 364
280 537
160 485
523 274
544 877
868 418
123 691
960 989
310 255
451 995
414 546
747 753
961 846
942 22
360 182
733 774
436 139
804 901
29 37
173 575
616 250
101 998
20 294
378 22
220 96
958 330
259 261
45 414
204 680
1 145
599 670
948 501
658 264
346 445
696 189
154 10
15 218
479 658
923 563
995 52
720 712
201 202
345 459
669 752
529 382
909 664
180 404
513 671
324 879
655 436
633 350
762 186
196 807
584 96
627 130
787 396
650 652
206 137
298 420
270 967
596 222
9 639
162 242
385 19
679 677
854 479
54 855
377 718
580 277
422 468
687 152
931 476
227 782
614 744
552 392
518 515
351 683
762 466
362 486
358 326
975 382
335 939
754 269
965 187
428 774
653 967
832 849
631 270
232 16
181 567
778 686
137 352
452 968
286 394
390 579
976 983
978 401
890 746
34 162
416 639
819 618
401 660
394 473
557 941
891 775
753 592
959 849
407 473
98 804
31 556
259 227
491 837
37 447
295 748
732 401
572 519
10 678
852 711
987 141
732 831
120 330
292 124
206 652
110 28
495 599
289 547
352 909
911 853
839 615
852 589
270 838
915 371
581 139
6 139
990 508
383 518
331 863
358 632
163 109
25 137
472 933
661 16
436 307
886 128
358 630
100 322
26 629
538 27
739 241
100 686
550 297
602 101
735 854
970 328
941 519
139 514
651 221
537 571
167 306
448 860
73 231
246 500
384 843
701 241
988 124
357 400
471 976
528 484
507 248
286 265
340 196
588 738
85 241
587 570
888 25
478 868
99 283
839 80
201 719
782 617
668 482
233 775
98 86
356 57
810 26
818 617
898 568
287 942
251 720
233 153
510 189
463 16
80 200
573 541
823 567
891 451
883 383
380 295
364 286
801 491
847 874
180 417
168 239
383 673
425 16
373 799
926 2
902 34
907 952
401 322
648 83
80 271
677 812
91 130
122 922
686 432
642 435
935 385
268 715
398 315
244 184
401 374
621 413
940 403
576 730
378 303
864 839
88 601
468 184
834 591
624 29
674 795
620 425
757 434
345 94
43 316
423 0
290 121
347 631
991 91
942 125
338 299
384 530
843 673
478 59
514 823
621 517
514 43
973 55
461 99
363 735
72 196
791 347
613 682
547 878
883 969
99 296
429 207
420 772
798 497
209 233
224 918
876 82
700 432
819 493
288 431
585 201
744 922
951 223
765 472
187 910
551 547
420 320
394 628
163 72
408 780
542 358
962 870
970 266
198 623
323 360
803 145
305 202
42 837
705 556
288 180
102 790
64 239
727 525
921 466
664 288
470 950
359 797
202 828
567 419
702 63
161 377
258 92
668 450
607 708
563 1
767 547
591 386
786 87
12 424
402 839
688 431
892 428
348 870
28 801
956 93
406 552
65 769
705 539
822 365
26 257
777 333
629 773
334 581
775 654
8 470
519 543
429 576
638 196
124 399
339 6
834 999
896 163
933 925
126 591
319 362
271 125
897 489
891 233
414 402
797 907
840 250
773 229
336 87
518 355
308 604
471 922
520 838
859 711
396 614
744 805
13 945
124 282
571 779
344 379
865 662
809 782
188 489
696 486
798 884
915 462
324 387
493 883
416 154
650 753
873 307
704 115
481 747
67 84
983 242
653 610
283 738
194 762
881 482
272 347
66 690
189 908
981 637
404 873
717 758
813 926
102 210
766 442
607 247
472 440
861 536
450 784
325 158
779 576
343 977
657 629
191 866
861 173
138 68
936 613
186 619
778 334
84 472
556 878
658 488
392 739
870 730
649 456
315 279
465 570
106 154
162 576
148 575
199 71
335 447
829 263
629 36
402 783
61 950
898 138
956 297
340 689
836 712
703 559
711 234
99 298
657 208
187 895
755 42
212 126
700 376
452 448
512 286
193 314
536 776
289 779
104 953
856 792
768 785
674 711
629 28
653 526
216 743
511 538
117 888
828 879
259 886
881 552
280 351
830 722
23 11
170 818
752 416
797 451
60 663
138 184
318 910
64 139
283 168
581 966
82 284
820 435
637 171
549 458
250 95
380 282
698 536
912 539
526 0
450 996
207 875
994 366
223 16
451 757
261 771
313 497
694 132
186 978
883 54
675 917
892 12
300 818
208 0
919 540
71 657
927 771
84 754
15 221
691 773
59 534
558 25
23 839
391 829
937 419
704 303
272 557
79 392
358 674
177 994
571 217
543 978
252 718
981 121
866 462
11 545
644 511
601 618
678 291
492 458
623 813
507 346
240 347
663 386
884 711
295 349
90 925
814 36
245 645
347 407
644 494
12 152
207 476
741 373
725 400
165 173
466 20
479 93
457 705
177 552
622 220
888 593
326 343
188 702
497 860
963 102
848 846
715 817
214 529
748 927
944 242
950 825
273 391
797 519
469 78
114 597
759 23
935 666
786 90
544 136
965 439
108 682
314 373
975 991
991 980
55 145
971 999
529 170
320 740
800 104
832 68
549 138
424 689
474 945
329 567
407 123
685 743
543 432
166 128
80 421
652 295
318 478
792 452
524 310
70 579
688 609
886 344
413 219
12 363
528 806
835 809
975 284
856 878
960 579
261 461
878 874
689 433
395 497
234 602
901 921
415 538
532 911
138 216
89 301
568 754
491 264
204 445
1 185
734 127
693 360
254 731
283 670
990 932
645 120
126 172
803 665
100 961
978 855
509 313
69 322
269 537
57 876
6 610
139 614
287 612
135 463
146 449
912 655
219 198
104 20
232 848
227 585
621 527
501 714
827 234
946 396
21 722
835 106
719 119
918 69
886 792
696 942
963 815
369 663
460 151
480 770
610 614
28 501
889 863
964 119
323 540
287 182
165 108
784 538
67 665
645 746
217 555
719 416
847 641
747 289
951 529
74 824
435 582
507 373
943 804
177 63
267 711
30 156
200 709
293 540
733 863
927 664
941 853
576 214
654 75
984 679
727 223
856 965
204 726
993 142
592 159
551 480
542 701
827 998
284 834
966 612
272 431
624 0
312 509
632 964
77 273
182 930
217 845
789 97
449 595
441 192
433 751
838 2
161 558
112 257
50 896
306 883
790 166
809 459
293 561
920 813
392 67
481 801
731 927
28 770
777 189
954 720
717 482
757 969
749 947
305 472
838 315
620 166
370 354
869 887
968 868
946 589
645 11
267 112
761 518
748 729
263 960
487 530
275 692
600 168
6 675
596 688
455 960
280 642
49 949
232 722
679 980
360 5
303 874
294 360
380 651
14 84
77 925
547 150
908 315
808 789
840 345
534 501
938 391
855 499
594 509
62 426
151 475
57 429
705 318
878 604
487 86
100 433
617 899
723 659
204 320
332 128
745 297
860 140
438 271
680 19
305 493
219 615
773 833
251 857
524 461
398 555
255 909
784 338
174 668
701 777
263 231
89 359
300 80
315 674
682 541
885 837
188 721
99 826
666 328
900 133
596 705
639 132
362 432
839 247
374 713
742 8
706 842
389 589
260 233
909 124
39 454
444 366
834 268
59 224
386 215
383 354
526 305
132 62
512 347
39 318
610 986
838 286
256 771
260 595
310 582
995 318
669 176
399 751
971 98
436 365
334 277
206 196
894 426
920 350
275 464
3 353
436 649
194 212
97 185
522 963
15 31
496 135
935 47
761 663
261 447
239 505
204 693
461 621
173 561
877 794
95 481
897 451
999 221
168 398
556 665
147 118
720 918
316 395
300 336
400 950
973 162
744 722
683 856
41 621
113 861
750 65
122 486
268 975
96 434
360 544
537 841
727 85
46 548
298 653
72 611
556 989
291 539
338 424
608 968
158 655
391 289
29 494
182 579
382 514
869 763
283 367
388 652
791 143
267 694
93 769
337 109
289 329
101 487
200 476
228 435
58 483
43 904
862 257
494 769
432 515
265 662
805 68
858 234
376 464
752 637
630 27
924 290
36 596
501 695
345 159
781 744
220 706
461 401
407 638
171 401
277 465
53 348
694 624
11 703
522 952
188 617
852 163
915 608
407 226
790 265
979 773
932 737
409 365
294 498
703 490
135 218
497 693
259 972
866 771
278 854
856 194
973 964
988 726
2 988
707 89
876 131
83 51
510 915
972 781
529 462
135 157
344 330
342 582
838 916
175 212
382 287
846 24
100 273
191 804
944 168
5 533
865 556
576 503
446 568
502 260
258 403
591 107
291 148
901 678
963 424
359 736
922 160
132 944
417 834
576 266
415 115
130 347
797 80
369 510
190 360
4 886
464 821
92 62
428 880
131 872
735 467
382 415
874 741
346 307
319 835
634 846
114 569
488 477
91 492
973 603
806 555
597 218
67 983
562 588
570 449
144 196
434 213
968 5
823 731
96 239
605 436
12 596
425 499
306 559
756 534
393 119
473 530
536 115
940 43
644 628
235 847
764 31
790 773
743 218
271 247
606 8
600 387
8 130
997 393
536 627
532 798
594 646
345 604
593 605
86 742
428 497
237 732
61 824
900 335
278 194
441 661
228 884
554 910
527 105
5 284
91 924
364 779
641 719
763 98
892 429
319 284
13 293
420 329
326 999
674 43
359 825
239 924
315 295
312 30
715 911
275 461
229 630
870 56
279 674
330 812
313 829
710 931
635 197
24 217
703 603
156 158
175 130
821 768
679 794
646 392
455 955
58 893
613 449
164 971
911 660
752 95
632 884
302 71
715 157
525 28
351 232
341 722
23 480
39 664
516 624
406 693
654 596
262 365
232 354
942 395
681 738
139 337
252 614
587 430
840 941
316 899
446 894
505 12
452 304
621 948
70 725
849 500
635 207
950 452
113 355
308 837
654 368
576 741
815 286
984 262
823 254
282 355
820 249
896 568
209 511
614 200
597 207
238 192
453 207
545 527
572 118
316 586
912 672
737 659
168 656
108 902
557 541
950 82
879 260
274 795
704 640
371 806
815 764
907 154
239 818
371 656
873 349
613 170
333 471
170 798
967 378
439 200
273 25
774 837
670 887
130 493
859 456
897 74
44 623
745 815
79 593
584 246
769 621
680 857
752 140
937 223
540 699
728 546
928 48
697 954
312 898
144 660
749 327
231 308
689 365
451 828
38 647
178 867
242 378
611 174
124 646
247 882
955 909
731 222
177 563
687 448
307 979
488 797
861 89
461 531
450 851
554 664
475 370
150 754
239 580
965 850
781 6
366 43
171 78
751 373
729 957
348 323
655 361
151 744
554 850
398 506
375 118
781 956
698 685
451 447
175 6
578 222
840 88
105 746
109 416
34 452
396 633
786 356
970 253
320 270
998 387
346 535
411 990
667 977
327 713
185 88
101 314
970 35
933 267
414 197
753 162
793 732
666 182
880 50
464 928
317 860
938 238
64 815
335 855
524 580
966 669
205 662
573 884
811 675
558 511
172 137
217 575
917 757
260 584
182 924
165 922
188 384
141 345
374 354
803 516
85 391
683 535
690 205
481 702
171 803
452 740
978 678
429 897
911 279
765 133
292 138
265 597
250 916
172 426
653 81
820 279
22 131
314 464
240 853
228 646
134 148
126 311
965 722
236 106
894 354
510 396
71 825
890 198
181 1
977 380
884 688
418 484
649 615
966 139
657 284
100 988
800 770
322 417
375 684
934 402
582 9
315 731
743 564
925 254
853 155
662 764
173 481
518 316
788 617
823 208
754 141
258 713
477 56
195 493
901 411
566 734
425 308
612 661
428 941
268 105
903 199
476 882
132 979
283 810
842 52
646 954
665 909
248 929
93 442
433 227
627 372
807 424
729 203
324 884
203 695
907 55
907 912
669 259
61 140
711 89
516 49
219 641
59 961
800 341
411 926
835 60
962 802
11 412
286 102
301 521
46 655
836 900
685 983
432 769
419 895
921 423
949 938
181 180
70 525
667 393
968 912
225 130
768 567
876 350
18 431
858 688
705 564
301 325
337 654
955 883
584 192
814 404
628 456
570 87
496 68
597 967
94 589
823 38
710 618
941 394
664 233
122 885
600 152
150 24
256 784
636 883
781 667
695 749
962 729
499 614
128 488
887 532
417 907
69 824
594 273
894 323
596 940
757 251
683 931
732 418
707 13
873 62
154 997
739 611
195 501
521 815
866 975
873 199
412 754
534 207
76 835
900 195
550 170
639 647
27 384
182 238
889 411
631 105
70 282
952 387
634 52
524 612
132 877
609 207
261 426
199 890
658 834
824 50
276 510
758 517
254 214
260 555
735 558
255 141
618 378
56 90
742 846
457 147
727 503
263 234
782 544
974 350
146 721
292 701
292 194
382 851
70 780
389 753
83 127
49 926
850 275
140 773
143 158
485 325
937 227
505 982
72 578
630 824
693 937
650 252
743 721
24 444
334 508
247 570
385 374
411 589
322 143
439 585
453 340
342 171
94 777
73 83
145 451
300 517
200 707
61 590
359 22
582 589
362 309
446 858
125 872
839 232
990 160
641 664
416 481
438 473
564 781
5 365
802 573
256 955
612 260
807 922
842 658
198 695
551 607
111 396
141 905
805 913
428 174
985 726
211 105
412 858
322 90
231 580
860 579
85 809
690 554
145 776
403 559
242 241
942 233
145 468
622 648
216 606
464 820
395 951
241 855
985 623
246 976
89 334
282 6
842 944
604 974
629 667
356 530
47 800
330 105
740 585
159 663
185 526
9 515
717 945
567 933
242 993
584 375
540 766
979 528
960 171
269 932
695 171
865 486
488 867
183 422
440 541
158 789
202 683
244 240
246 740
659 536
277 843
250 347
257 367
338 439
182 883
305 691
878 52
840 633
624 322
868 142
74 762
55 392
642 294
692 147
721 677
534 929
204 691
388 826
621 156
894 346
898 575
185 5
819 569
728 436
992 29
422 527
97 921
108 907
777 403
941 202
196 584
782 443
81 670
128 377
425 254
392 274
236 340
416 877
586 805
369 927
392 327
696 134
479 219
907 651
449 746
292 510
953 36
859 689
104 281
881 210
856 462
161 603
49 140
789 161
622 734
991 602
724 765
145 396
252 932
20 212
942 441
874 782
452 613
923 226
203 150
121 917
753 394
255 479
583 628
227 87
855 768
875 358
246 195
225 199
812 585
622 694
363 611
552 877
602 408
772 878
906 647
706 357
139 388
656 442
858 264
495 654
909 604
955 236
915 296
763 352
703 969
460 783
796 966
876 397
486 562
384 517
154 980
120 588
398 680
968 676
15 444
210 181
3 356
592 635
638 286
870 403
666 57
537 745
316 137
519 798
48 186
222 51
366 80
934 597
52 517
543 623
329 836
638 62
986 419
508 197
659 443
65 359
907 462
532 428
479 884
398 956
739 166
316 21
621 684
138 40
94 406
624 621
142 674
926 390
562 33
247 633
905 323
125 682
455 792
765 233
283 474
722 202
321 785
139 673
717 6
634 588
707 770
375 256
214 109
575 899
969 834
58 804
548 247
627 410
119 224
487 826
644 332
285 802
951 456
684 593
484 990
181 661
745 956
49 925
703 911
765 859
96 996
682 987
630 256
304 913
241 432
280 688
239 356
107 149
243 324
630 971
171 943
79 644
773 580
184 512
646 430
499 551
30 119
639 885
907 707
505 275
414 313
546 563
980 534
45 932
143 10
427 674
560 440
224 564
304 321
493 262
259 247
99 814
323 896
303 185
275 151
269 63
501 421
491 366
443 512
493 320
956 137
820 388
137 434
675 270
379 397
77 577
607 850
18 224
698 512
428 904
108 643
260 603
384 226
24 861
483 368
382 723
413 573
141 746
419 256
267 43
71 328
748 264
903 291
549 535
40 294
645 801
265 155
982 430
291 890
556 625
298 443
28 665
667 888
628 513
958 527
286 715
304 109
503 735
193 152
444 875
353 423
180 951
424 980
96 251
571 559
377 811
12 612
510 272
919 611
889 334
936 814
281 667
73 943
95 952
103 452
770 756
384 178
638 846
867 629
930 261
121 343
180 150
900 944
860 517
143 351
111 208
646 471
9 850
591 837
180 594
181 645
914 150
71 97
773 12
285 31
591 844
391 197
410 646
587 809
2 370
337 330
215 482
434 119
539 755
463 353
708 22
972 29
894 952
149 954
582 45
187 11
687 397
589 819
283 399
285 245
225 408
569 51
986 40
253 509
94 51
5 496
404 70
513 262
780 759
585 530
821 183
628 566
312 826
723 477
999 81
229 195
705 142
614 771
766 155
788 869
756 446
343 608
284 125
360 581
819 261
930 17
867 794
202 928
888 529
223 464
801 507
685 208
476 720
22 763
246 307
245 978
205 434
90 249
658 433
582 175
24 652
696 798
153 987
580 619
184 637
350 27
184 607
680 575
161 390
29 822
858 793
297 832
507 596
493 275
76 596
529 541
187 311
799 502
307 664
913 996
806 412
896 146
333 405
612 805
701 346
799 266
348 804
192 529
447 188
900 378
98 669
804 988
661 791
932 955
675 254
652 69
350 577
16 889
467 807
378 231
839 545
944 437
511 128
538 847
318 801
411 88
452 890
369 476
996 692
626 6
337 600
85 600
570 537
836 35
554 105
988 612
228 595
322 580
567 775
652 913
986 324
190 795
783 634
107 425
99 412
251 801
274 162
418 771
622 973
250 232
368 841
208 984
769 388
930 870
79 290
979 665
632 128
184 778
818 265
675 178
158 600
897 120
711 756
168 198
405 521
992 87
280 543
517 729
137 599
9 990
533 393
24 48
189 848
713 852
909 148
368 481
600 841
796 612
858 737
998 741
459 982
766 67
552 983
950 248
166 571
313 574
342 671
920 381
317 623
306 897
545 634
811 815
359 383
365 754
802 993
76 944
209 254
568 394
503 510
263 828
34 274
499 53
446 667
896 483
734 719
127 484
410 89
837 112
991 430
747 381
447 870
211 10
639 265
240 480
939 659
445 224
101 588
555 332
25 388
796 825
500 892
566 959
873 745
525 937
764 632
906 688
958 749
258 341
3 713
455 991
494 244
932 51
182 288
412 146
45 112
676 169
203 862
236 535
56 829
785 697
304 116
588 94
618 679
133 698
658 544
629 707
300 22
8 344
664 163
287 816
926 450
920 977
557 692
981 916
575 461
923 775
777 557
224 934
394 778
638 224
731 807
518 540
791 276
721 7
201 982
500 622
226 273
931 223
40 833
437 638
583 286
70 81
884 599
218 105
735 212
560 799
299 704
373 824
817 836
322 26
782 922
296 497
790 576
479 895
129 411
103 893
214 542
892 440
635 428
786 332
786 700
187 745
162 44
178 300
75 11
21 488
998 688
123 579
288 709
298 366
614 395
339 34
212 768
180 173
278 238
725 497
607 500
101 477
775 835
155 785
441 725
315 160
542 122
229 792
40 953
720 229
358 957
471 152
992 303
258 954
337 11
546 754
43 921
697 884
45 673
277 10
260 633
370 959
292 665
16 651
753 974
19 715
30 764
464 362
286 193
57 236
418 384
486 114
337 224
203 180
791 113
269 682
662 95
739 376
92 702
718 688
887 266
130 879
629 104
276 538
207 500
489 315
618 556
864 69
617 778
381 74
980 731
712 617
800 292
228 338
545 330
171 236
415 880
718 496
310 738
308 944
372 824
754 522
270 437
752 422
236 411
367 392
619 251
730 300
168 480
704 632
289 284
636 873
46 364
865 240
857 180
838 949
90 172
341 750
194 528
644 103
680 45
760 870
549 934
203 938
900 727
877 326
659 1
969 215
70 687
814 544
69 746
786 742
542 137
62 949
246 93
748 739
596 975
529 689
706 501
156 495
746 635
798 739
426 290
414 270
887 299
211 6
470 834
472 418
720 971
620 946
429 251
760 35
503 347
665 770
453 971
246 902
178 139
318 306
614 193
619 111
772 741
232 669
804 100
877 917
826 651
910 212
194 300
115 687
609 555
812 758
740 696
933 782
542 85
449 197
738 894
43 17
398 93
807 87
984 306
285 356
743 700
799 390
303 206
798 866
311 946
849 349
831 524
864 985
634 267
814 776
648 809
57 604
982 23
871 940
886 892
806 425
810 194
369 690
459 342
411 759
486 732
815 588
450 564
96 576
907 812
856 623
272 160
79 83
450 654
840 470
847 82
557 728
499 187
163 499
400 546
298 247
557 326
954 536
647 358
494 707
984 88
276 628
863 122
592 390
378 291
676 79
626 676
273 681
368 9
999 404
816 210
820 361
905 319
253 887
142 20
269 186
104 666
157 331
672 865
277 764
883 607
698 75
566 348
504 638
469 913
290 99
334 351
377 3
544 759
352 669
107 150
161 742
45 348
432 525
139 882
650 651
957 445
965 194
934 776
296 582
115 154
638 7
348 685
124 469
475 939
740 618
19 348
158 851
815 18
338 833
250 61
647 777
263 601
228 617
960 791
957 317
472 52
293 369
755 989
89 187
689 555
30 189
531 826
986 460
847 249
359 204
663 559
104 795
715 909
660 33
958 269
272 755
937 875
328 945
301 483
993 437
935 280
70 72
496 154
764 807
140 51
292 765
523 615
840 314
358 833
154 840
371 606
917 190
736 924
531 765
499 732
490 399
454 574
556 564
486 476
968 603
954 765
137 221
31 810
325 527
29 836
171 543
554 553
214 333
28 861
239 819
75 433
207 540
620 45
615 130
8 177
955 901
259 956
255 475
979 406
20 493
254 378
150 214
890 971
359 137
991 939
393 799
540 8
261 704
657 515
508 693
312 947
244 750
364 611
259 182
933 160
576 855
71 653
505 153
65 658
397 833
551 313
892 632
914 411
465 564
88 801
71 232
799 995
715 291
381 539
726 516
412 35
523 288
303 584
972 627
123 73
659 384
970 490
920 111
965 127
582 184
249 653
481 934
759 366
551 97
431 893
437 920
42 447
560 522
56 900
27 374
494 614
5 341
47 972
905 826
189 5
84 56
596 245
62 924
292 945
172 568
964 990
585 570
763 470
893 684
766 53
598 617
330 466
446 808
92 35
673 727
991 50
690 315
131 465
954 82
785 734
43 93
784 229
71 68
465 381
508 913
902 556
613 749
133 967
491 259
711 910
807 490
604 473
336 716
929 651
992 139
630 813
190 245
143 956
716 636
980 33
459 827
755 906
521 444
336 533
976 509
163 263
167 31
906 808
774 303
882 837
852 218
17 788
623 570
942 11
76 943
382 201
606 402
17 358
354 931
191 761
70 975
271 328
168 370
895 242
852 761
238 689
897 443
113 862
124 533
370 955
195 962
991 833
319 836
285 396
197 781
568 97
505 918
753 728
697 387
629 441
533 451
870 592
15 201
378 885
100 360
659 77
466 290
821 659
832 973
128 988
419 110
134 815
157 685
414 949
964 751
321 792
364 384
800 97
696 538
768 273
103 86
476 526
123 25
926 807
611 199
884 229
920 713
907 90
879 802
493 725
283 353
665 888
593 575
613 770
339 674
230 209
553 457
810 117
493 793
928 589
361 713
64 309
143 359
537 693
465 386
106 747
280 572
723 979
875 442
45 887
726 708
513 222
20 41
886 551
283 344
102 481
176 483
187 32
226 265
25 232
396 218
361 158
740 269
119 668
394 322
220 527
174 882
970 961
603 811
271 134
78 615
704 946
907 287
519 516
702 699
600 497
159 176
95 841
190 268
685 634
938 333
924 695
773 357
538 487
960 292
212 823
606 862
319 771
516 970
851 186
738 723
871 790
967 388
66 386
113 84
329 227
747 109
787 110
828 679
882 922
359 358
879 623
554 916
671 139
770 384
8 97
900 488
106 652
754 387
598 316
896 753
199 609
337 100
535 335
734 201
212 267
702 668
819 476
721 566
210 114
450 124
928 703
576 242
51 539
101 384
958 46
88 311
812 248
441 924
909 829
882 698
386 378
904 122
578 477
976 483
383 729
385 507
746 678
254 605
649 674
842 91
963 383
819 167
245 625
328 286
133 247
94 127
304 979
691 352
504 735
843 886
938 464
535 680
79 596
228 976
99 314
894 289
847 798
884 460
887 137
531 175
948 533
821 888
887 467
841 62
74 229
76 72
151 201
748 413
436 444
513 883
577 756
609 18
330 92
338 946
55 572
444 957
344 160
107 820
297 718
296 45
338 882
498 162
312 749
845 584
39 668
423 5
72 23
656 435
988 573
778 704
967 762
96 95
134 740
293 66
19 177
617 977
665 437
981 841
276 564
749 623
170 42
971 489
809 384
426 113
206 56
692 454
139 454
242 776
195 513
588 257
213 759
689 18
974 536
926 586
972 557
337 398
279 392
618 79
411 317
870 432
24 107
895 503
984 85
418 235
471 29
153 45
710 181
329 173
721 111
495 111
268 378
423 739
653 413
0 385
436 801
247 552
624 230
939 213
601 463
213 67
414 343
388 892
793 192
710 951
136 63
497 837
902 676
444 80
202 180
289 189
521 548
371 886
375 622
859 611
20 61
140 217
937 527
103 674
872 333
63 877
933 774
129 765
37 56
498 442
6 3
615 683
581 131
133 558
889 174
136 752
353 129
931 805
179 352
262 647
445 293
930 818
787 509
831 972
922 230
892 671
123 787
498 912
271 224
110 368
491 903
282 480
399 845
933 783
140 627
431 337
34 620
653 296
225 985
680 407
423 750
91 56
577 118
202 346
744 808
671 212
537 257
553 956
263 350
60 66
123 24
879 387
690 490
218 987
269 24
485 3
678 822
704 91
568 642
311 103
429 401
811 714
12 930
502 31
692 523
302 734
967 470
947 589
472 790
619 318
17 956
614 367
796 99
758 102
339 12
435 888
821 527
563 12
496 889
78 55
914 194
143 924
868 384
994 891
538 603
210 907
181 956
955 170
867 49
686 213
308 705
256 90
719 499
296 835
79 903
871 814
818 28
286 439
590 803
310 571
824 718
780 174
816 175
872 86
178 983
320 724
317 721
384 234
598 319
132 549
798 311
561 124
671 482
690 746
838 470
123 274
374 841
393 734
431 124
724 526
400 998
511 144
657 978
251 318
312 411
283 457
64 935
899 953
620 268
633 506
397 613
404 771
306 7
689 306
190 37
158 788
881 190
76 475
820 334
699 859
263 361
817 68
420 23
433 866
729 488
490 113
92 210
97 767
678 836
746 765
260 762
643 90
798 585
647 21
738 669
954 855
725 699
428 526
889 91
791 64
402 39
643 527
546 411
13 54
138 761
887 513
101 78
8 781
98 304
316 581
89 331
874 993
584 887
606 828
340 318
308 482
611 367
288 940
285 500
318 357
611 239
478 863
75 126
143 833
387 335
473 873
465 550
22 153
717 927
683 672
451 148
385 531
354 822
135 459
155 248
409 838
560 755
633 611
762 150
407 868
984 196
152 38
181 896
526 912
869 948
256 648
430 819
997 442
851 869
33 686
709 96
35 331
435 539
802 977
576 747
594 759
242 699
531 61
734 236
553 345
438 624
606 366
734 772
307 822
705 949
542 946
689 265
582 493
88 859
733 567
415 19
990 590
39 214
195 704
140 965
826 336
645 599
385 557
852 680
684 537
724 357
202 671
866 493
590 582
899 292
663 377
429 6
822 50
892 736
130 124
540 884
280 134
115 795
664 308
605 214
696 690
383 509
171 241
681 341
944 511
778 607
405 324
228 493
591 322
79 225
655 288
483 550
775 713
525 594
699 245
474 562
821 301
841 566
681 746
594 746
231 419
110 387
926 187
700 619
713 832
885 742
442 457
194 938
124 747
982 879
844 34
858 468
379 977
640 728
774 883
879 101
441 460
771 698
964 128
660 839
156 302
667 414
772 309
107 529
905 415
970 67
829 453
460 453
423 879
809 869
543 704
485 761
605 702
15 421
527 258
604 262
376 550
159 578
72 507
546 875
334 448
271 143
594 425
57 228
858 641
156 881
824 535
360 264
395 379
307 671
732 96
174 173
425 123
929 498
170 958
345 589
554 487
908 406
644 855
833 206
672 687
635 958
528 465
842 983
77 6
619 221
211 994
119 852
574 435
54 680
928 261
822 90
26 707
984 105
989 477
879 565
450 515
378 32
264 918
741 16
228 537
784 615
732 949
756 719
879 386
857 504
679 881
698 247
313 46
393 139
957 787
788 559
18 977
289 884
647 34
406 665
470 23
441 549
444 695
348 222
45 959
874 240
819 245
307 259
557 45
857 358
778 977
902 811
40 196
425 923
88 416
569 732
984 134
484 755
345 716
754 696
698 945
933 200
172 304
136 712
477 494
574 931
585 889
941 741
735 473
238 458
926 362
731 831
669 486
722 607
959 601
508 855
959 255
433 529
502 562
683 845
422 880
9 531
211 127
384 774
85 14
612 563
59 366
803 649
90 342
319 864
354 281
145 258
383 290
723 989
912 409
683 158
911 941
427 896
934 96
457 880
587 825
502 639
553 117
74 42
908 747
728 179
992 310
224 389
998 403
625 208
356 241
386 351
524 415
229 418
686 661
361 685
382 749
293 580
740 734
811 970
563 293
556 601
381 32
803 208
563 100
134 800
915 66
365 90
166 619
301 250
748 613
346 21
302 613
670 533
464 733
768 942
856 51
565 137
363 931
732 191
120 577
293 729
957 483
233 955
977 226
898 601
895 786
242 419
988 242
940 183
4 750
419 41
596 235
517 456
562 461
525 511
146 861
34 80
458 542
522 668
110 859
352 116
404 30
474 325
61 866
34 165
244 454
430 801
191 585
400 589
768 686
398 438
517 505
302 669
610 839
997 526
556 593
572 217
17 459
243 362
112 563
768 872
899 358
601 403
164 648
429 684
245 252
425 466
501 655
651 407
308 788
443 104
53 888
547 71
796 730
297 229
153 534
198 3
701 305
164 458
72 199
152 881
47 660
747 895
632 434
389 696
120 864
801 346
493 889
352 767
854 323
317 453
114 248
212 144
421 9
952 875
914 102
278 375
713 233
291 574
272 507
167 671
671 644
707 873
608 138
923 413
153 554
212 639
858 993
825 935
343 258
246 363
287 550
706 855
994 522
483 725
36 860
887 76
835 931
361 279
297 388
703 755
721 459
462 640
301 861
120 452
780 552
372 140
228 167
577 218
489 879
275 440
44 14
102 582
24 290
582 474
558 325
35 292
306 245
791 182
392 883
498 492
915 742
688 762
101 216
200 781
324 581
956 260
853 62
638 705
111 38
49 593
2 865
852 468
245 678
434 776
600 635
404 710
277 722
788 659
693 972
656 902
148 274
288 450
186 545
313 811
23 742
455 291
331 283
767 714
193 666
546 374
193 872
701 967
301 725
383 968
14 681
867 295
299 444
850 741
44 592
695 921
678 523
775 573
400 955
775 386
774 928
688 560
327 848
532 827
725 555
347 72
67 845
977 391
924 141
285 914
150 268
513 253
510 777
438 321
859 2
680 624
989 301
622 979
197 164
230 278
676 8
721 604
557 102
432 895
548 693
2 511
180 810
501 433
994 856
581 754
203 700
641 226
875 215
877 10
536 403
814 269
156 689
353 695
454 164
157 198
113 630
156 712
193 904
988 903
42 222
434 538
373 465
593 713
81 647
462 448
536 370
224 58
879 227
84 495
831 563
877 230
71 512
697 339
822 185
689 486
142 418
926 509
642 168
110 595
537 715
787 529
29 427
869 600
52 293
970 315
803 477
581 567
162 86
682 237
35 631
528 499
637 36
180 604
472 455
17 266
482 183
434 506
657 879
904 511
339 986
787 137
566 107
115 79
797 803
617 184
108 390
284 648
67 174
356 187
144 664
320 312
392 960
143 500
746 496
589 488
56 129
974 33
612 189
661 575
508 172
991 770
513 77
384 643
954 904
880 731
799 38
652 686
101 745
236 506
199 226
489 206
938 303
65 988
147 95
374 242
875 810
672 420
497 354
776 764
918 811
374 427
688 752
230 344
500 514
303 785
907 344
639 408
398 587
495 758
727 989
957 340
179 9
749 449
228 238
663 764
844 567
188 758
883 243
423 39
108 990
383 708
117 488
215 452
811 439
62 828
617 34
226 917
280 978
677 626
498 752
893 456
272 685
394 34
3 409
568 318
222 817
90 563
871 532
148 138
42 236
327 900
180 300
741 225
503 709
840 54
374 208
459 396
47 749
307 904
133 291
885 81
864 525
358 806
346 449
18 594
299 279
949 278
615 905
2 227
988 536
564 330
563 430
70 157
142 824
388 203
293 720
954 898
172 612
933 479
598 755
218 896
545 24
57 127
413 489
8 524
228 769
853 351
894 965
174 511
286 227
583 696
53 68
414 434
809 170
661 110
750 521
177 394
964 384
219 647
25 719
544 428
758 5
988 814
48 378
122 713
326 351
21 286
105 423
422 595
929 686
922 196
971 727
700 939
9 957
689 429
691 402
849 884
586 651
992 111
457 245
544 396
489 135
832 226
982 578
810 462
613 370
850 361
425 763
232 413
781 735
286 626
287 422
941 455
124 568
123 782
476 947
122 311
5 512
784 383
300 18
467 314
275 492
354 805
555 770
486 295
106 354
409 541
615 728
212 878
853 859
436 368
340 146
209 51
833 64
526 614
79 60
322 600
827 526
445 500
372 387
490 125
947 595
874 504
379 998
157 647
518 180
470 236
149 821
923 123
291 810
144 256
178 991
198 432
887 487
697 984
634 770
820 347
194 78
777 123
410 806
13 982
805 801
553 431
682 942
319 68
337 447
988 442
36 741
176 494
392 541
485 21
383 780
310 374
625 385
502 762
368 429
817 878
259 829
908 349
966 589
833 339
161 712
122 598
888 727
210 73
181 630
237 974
789 674
673 131
488 14
441 474
736 852
230 919
78 303
762 446
333 790
480 716
52 466
10 201
367 590
859 882
697 456
133 604
414 363
773 73
569 828
119 923
273 314
294 920
861 277
931 260
581 673
560 100
16 927
859 109
178 724
131 445
7 326
986 613
731 476
619 827
992 54
265 683
502 485
453 509
138 54
431 703
53 512
28 142
435 146
783 493
633 742
100 900
339 840
182 196
812 553
691 988
369 330
597 534
615 341
500 430
115 307
77 241
458 584
16 507
86 640
817 913
392 644
122 973
414 5
631 671
344 621
753 961
950 678
526 134
444 962
114 289
906 470
413 273
566 708
350 909
465 615
571 203
623 375
908 447
988 430
363 404
677 666
261 757
905 408
858 204
921 299
418 623
986 742
10 329
364 564
260 962
816 706
359 518
257 770
712 766
554 751
351 19
516 116
974 23
128 769
243 262
802 643
527 308
972 521
937 515
345 280
130 341
353 913
926 42
445 53
395 114
299 479
328 157
135 121
303 606
226 464
405 104
89 224
412 923
360 653
987 827
59 965
607 264
766 48
879 631
912 582
247 432
169 154
704 134
650 956
972 268
385 896
906 810
331 508
499 321
533 501
662 760
270 567
354 18
361 84
301 245
562 692
907 786
381 292
225 55
280 483
703 287
290 820
165 349
529 959
834 30
748 237
955 74
335 470
479 647
245 243
38 230
474 933
23 691
649 829
299 755
157 710
20 285
915 450
76 386
155 977
263 794
146 558
757 317
141 892
637 862
494 185
135 146
871 464
642 699
25 217
98 124
833 586
595 475
904 94
926 801
332 984
984 805
567 357
590 973
516 908
266 8
404 574
770 805
691 488
964 205
561 42
829 308
400 4
782 669
591 47
392 912
827 680
943 48
841 570
677 368
379 711
60 488
109 412
291 736
4 703
537 641
518 803
450 966
320 749
599 627
795 813
208 462
529 880
629 125
577 365
423 588
490 877
410 620
123 191
196 561
789 584
291 480
960 936
723 647
790 604
902 78
956 429
435 901
520 155
264 64
405 432
724 420
5 299
421 650
852 202
914 479
518 897
256 921
608 962
507 651
558 223
695 352
793 500
268 672
331 81
390 744
220 558
277 616
507 472
654 117
590 562
491 642
733 52
181 952
398 26
424 981
80 222
628 656
348 97
359 251
972 292
467 26
471 235
470 878
93 658
870 137
75 31
748 142
382 231
443 895
193 938
507 919
251 246
477 727
972 620
814 629
916 237
596 885
330 244
340 884
222 700
555 37
672 145
439 762
784 924
861 761
14 415
569 395
335 873
172 614
847 446
765 757
816 194
807 603
247 958
283 17
955 412
905 313
76 484
214 807
286 656
517 50
117 232
86 992
161 413
603 93
397 895
964 204
977 513
573 842
481 532
324 148
412 797
65 360
646 141
510 315
588 43
112 778
14 607
746 576
811 41
132 481
55 808
176 970
448 382
495 507
918 61
565 413
236 875
174 745
368 710
549 569
208 293
128 606
980 601
318 236
822 577
704 472
698 503
207 786
819 32
52 181
341 474
167 988
578 310
523 272
740 491
807 240
487 595
426 46
72 695
990 599
105 138
786 583
556 184
183 648
907 293
312 276
785 21
916 127
433 423
49 747
349 662
773 472
752 610
674 34
268 731
788 353
778 468
206 991
995 654
825 341
757 488
884 430
26 389
566 234
739 493
928 889
972 734
298 992
126 611
79 914
687 993
180 254
83 937
918 442
642 874
305 578
143 515
488 561
511 358
970 474
937 777
895 483
39 547
73 507
249 566
416 983
759 809
561 112
725 25
110 765
679 629
177 225
637 28
620 497
864 823
535 216
948 888
192 458
211 500
183 71
944 606
14 447
45 141
731 944
672 899
104 145
504 818
581 842
74 834
893 787
45 221
809 754
655 522
373 293
590 100
547 203
573 840
4 86
502 839
653 551
789 400
146 431
302 932
737 529
186 99
565 217
460 530
272 840
601 994
170 193
758 487
877 199
299 357
262 345
587 157
740 884
467 969
195 447
651 734
984 843
509 354
389 324
136 603
962 427
175 465
736 331
713 112
876 324
872 47
298 553
377 23
142 175
385 360
581 963
41 207
540 357
109 83
75 965
54 480
32 810
495 70
799 148
739 747
794 701
158 825
161 88
813 394
698 511
136 500
235 504
938 500
934 21
250 410
695 251
367 22
13 480
890 406
685 431
680 301
496 223
674 399
575 937
956 724
795 703
241 179
334 501
747 368
445 605
736 615
595 15
113 361
197 275
959 165
142 587
999 27
801 675
940 99
128 271
337 601
442 210
805 233
732 756
557 465
57 538
447 396
171 427
452 46
146 503
288 918
679 652
258 386
479 609
599 667
64 599
952 155
195 689
749 107
705 3
213 376
239 569
2 828
608 984
20 109
697 491
326 891
217 932
812 985
238 265
36 254
32 944
239 806
261 306
473 34
365 458
310 25
636 946
386 725
794 676
236 66
165 828
15 420
682 309
169 984
108 144
151 153
384 184
640 685
706 667
473 624
680 15
502 593
380 9
357 452
531 919
793 23
817 695
430 70
582 717
596 697
440 968
454 650
151 35
939 444
998 187
301 917
919 360
455 7
919 502
923 881
979 129
32 72
972 819
395 35
378 736
107 726
113 162
183 456
345 212
778 796
296 42
93 619
889 339
662 847
287 632
960 957
381 280
448 200
864 701
872 457
540 383
439 355
578 923
861 33
899 630
524 130
597 930
767 478
559 521
251 906
129 72
30 319
909 777
354 540
203 582
813 165
788 197
755 761
175 551
891 937
214 156
511 76
777 154
289 157
939 591
417 157
643 476
114 312
37 771
887 374
482 532
612 205
432 798
769 271
306 267
316 869
534 892
634 328
512 235
875 793
71 477
462 343
682 43
982 960
963 210
981 575
104 967
51 645
540 276
80 65
196 607
662 715
400 462
486 825
736 395
734 91
891 822
234 632
9 184
484 909
715 561
70 56
393 457
447 71
224 379
222 905
260 428
835 444
736 933
561 97
720 242
962 264
867 70
132 772
933 587
172 275
509 478
781 928
635 359
402 510
832 844
649 363
592 650
887 614
701 756
577 586
349 176
656 956
147 918
936 74
318 272
904 458
211 872
610 648
813 753
702 442
343 592
271 34
447 668
920 463
713 376
303 316
514 577
959 153
914 295
19 310
695 193
965 614
172 381
592 541
74 749
405 54
498 997
717 569
736 397
56 643
547 545
524 27
425 634
385 763
553 246
650 872
603 891
191 302
831 958
865 551
209 313
420 332
934 982
937 569
59 577
812 843
205 715
455 571
678 510
126 582
737 419
618 467
440 71
917 744
707 727
798 53
556 813
925 248
939 577
387 155
786 197
474 369
983 252
543 523
841 581
850 939
440 182
669 540
781 307
657 577
465 83
740 872
440 742
45 32
443 127
661 844
831 603
954 32
939 438
764 116
672 676
871 223
947 920
300 200
0 18
797 78
744 246
30 813
754 976
761 831
540 471
351 550
959 262
928 451
946 277
720 383
580 675
934 615
238 294
866 659
169 267
956 388
267 870
403 288
57 351
98 447
904 395
343 145
951 651
499 235
219 81
911 588
631 131
642 941
129 50
63 591
521 161
334 524
671 341
340 6
522 569
686 640
946 366
576 312
291 379
854 47
575 940
451 932
732 837
316 896
471 261
555 686
711 454
957 469
754 211
532 174
780 842
201 995
301 717
198 86
625 298
928 619
804 375
672 937
451 179
480 381
243 932
335 928
608 558
476 775
848 822
225 180
110 550
772 454
583 337
17 582
101 626
888 353
669 878
781 723
370 485
92 316
961 559
890 862
755 379
117 788
238 997
437 277
289 214
630 788
143 827
714 540
696 27
614 99
79 184
755 13
390 176
899 375
927 25
574 585
485 808
677 691
421 940
765 819
239 556
293 891
421 187
879 245
989 51
465 989
5 343
447 543
848 243
822 18
438 112
521 710
504 542
976 671
188 691
15 198
130 552
456 536
954 373
994 845
556 988
915 183
38 626
13 890
725 474
688 678
374 729
879 973
317 976
995 111
618 938
711 240
227 405
406 370
631 858
614 447
49 981
203 30
13 63
581 312
651 659
917 530
111 43
667 607
199 76
454 477
8 408
735 713
35 548
97 653
658 140
564 260
380 994
124 683
890 425
897 559
607 30
214 205
153 339
773 816
883 566
745 690
461 725
139 398
858 51
104 81
670 923
415 177
373 836
1 371
849 528
502 897
963 531
150 216
26 440
869 683
843 435
837 698
3 721
29 215
658 228
929 556
543 733
508 781
458 605
31 975
432 671
242 111
491 542
237 276
329 508
952 145
408 132
899 473
602 410
914 783
415 958
838 360
213 531
576 898
957 520
985 38
676 620
513 228
547 932
970 400
263 265
363 122
360 800
625 827
52 104
917 135
639 510
326 551
741 823
647 963
631 478
561 993
103 810
166 334
501 933
748 373
979 830
422 693
958 565
605 64
120 249
266 730
696 662
456 812
954 711
455 259
211 156
46 760
12 193
815 523
826 351
334 295
67 424
712 533
969 440
953 615
204 430
129 876
729 111
206 478
726 601
700 25
483 420
736 200
496 407
47 83
319 657
353 729
110 233
658 196
481 412
865 256
881 199
933 166
654 853
0 984
659 741
652 821
740 945
937 297
60 302
127 141
179 801
596 56
142 979
384 728
23 816
738 52
4 361
789 229
594 351
63 409
508 409
92 829
516 558
663 163
372 524
605 338
533 218
715 542
753 533
952 171
424 919
173 265
919 231
773 351
794 449
333 754
306 772
694 971
165 787
991 748
167 66
212 795
99 333
513 609
455 672
982 735
81 68
342 581
89 167
952 264
342 716
428 357
348 648
645 281
103 258
315 808
756 672
122 337
534 718
799 968
30 665
576 298
508 578
79 59
571 330
217 710
265 857
477 977
459 785
741 957
176 666
821 995
128 675
325 376
424 681
394 214
466 111
603 986
856 451
964 771
664 857
716 103
771 29
614 851
227 118
959 689
301 784
118 58
481 324
213 77
213 989
848 991
411 165
999 952
815 654
33 242
146 514
326 150
181 658
648 795
327 217
200 395
143 257
254 895
786 552
275 362
516 436
915 731
411 654
365 682
159 815
505 559
748 294
750 890
108 535
694 15
279 390
653 82
792 640
44 165
633 902
832 399
716 291
347 764
30 180
320 605
646 217
453 989
197 389
855 431
190 638
392 574
444 216
87 969
994 43
97 931
190 888
377 162
344 20
119 752
614 940
263 182
133 192
444 511
586 756
813 968
419 23
461 512
321 865
815 605
759 460
304 189
353 418
53 992
800 465
494 343
138 332
274 659
824 729
787 358
692 113
402 155
935 829
529 434
986 70
63 854
598 882
340 627
272 465
599 713
849 677
588 92
811 218
407 219
282 616
578 886
859 357
145 22
916 934
119 602
569 617
246 122
611 607
287 770
958 632
472 834
988 836
234 874
214 815
292 419
898 687
35 554
651 53
409 122
992 30
351 447
2 155
144 747
948 588
109 912
457 771
708 466
541 942
961 237
447 683
929 276
129 669
892 304
455 547
104 831
134 343
860 927
845 188
871 172
243 115
881 75
152 352
149 823
114 485
598 377
339 22
535 356
662 139
973 460
529 60
311 312
553 203
728 972
512 726
149 542
443 963
824 528
975 502
161 259
804 827
663 675
531 995
701 339
21 760
248 94
67 743
87 270
793 671
624 953
482 136
770 522
322 696
427 872
559 745
109 339
593 725
30 220
228 440
337 618
534 646
121 192
222 516
611 616
950 117
357 437
844 160
279 942
143 127
487 730
848 31
607 750
942 425
775 615
552 26
808 663
707 276
295 49
998 560
316 901
999 724
813 883
958 405
21 223
496 264
991 870
125 871
88 766
614 893
688 203
303 492
241 745
252 268
984 997
264 27
568 740
868 162
849 155
349 759
961 3
121 482
983 309
867 950
307 992
636 446
620 172
409 457
548 840
393 793
411 895
696 505
47 221
104 219
119 149
150 768
502 159
547 275
884 880
655 447
278 351
950 992
738 639
569 320
938 233
266 480
905 697
161 79
351 64
292 422
956 787
642 957
565 10
868 79
287 723
332 305
39 606
949 842
507 171
853 834
739 522
553 723
837 201
184 222
802 547
633 254
298 876
91 758
571 652
472 829
946 670
29 638
304 36
183 625
