1000 10000 2
0 1 1 0 0 0 0 0 1 1 0 1 0 1 1 0 0 1 0 0 1 1 1 0 0 0 0 0 0 0 1 1 0 0 1 1 0 0 1 0 0 0 1 1 0 0 0 0 1 1 0 0 0 1 1 0 1 0 1 0 0 0 0 1 0 1 0 0 0 0 1 0 1 0 0 1 1 1 1 0 0 1 0 1 0 1 0 0 0 1 1 0 0 1 0 1 1 0 1 0 1 1 1 1 0 0 0 1 0 0 0 0 0 1 0 0 0 0 0 1 1 1 1 0 0 1 0 0 0 0 0 1 1 1 0 1 0 1 1 1 0 1 1 0 0 0 1 1 1 0 1 0 1 1 0 0 1 0 0 0 1 0 1 0 0 0 1 0 1 1 0 1 0 0 1 0 1 1 1 1 1 1 1 1 1 0 1 0 0 0 0 0 0 0 0 0 0 1 0 0 1 0 0 1 0 0 0 1 1 0 1 0 0 0 1 0 1 0 1 0 0 0 0 0 0 0 1 1 1 0 0 0 1 1 0 0 0 0 0 0 0 1 0 1 0 0 0 0 1 0 1 0 1 0 0 0 1 1 1 1 1 1 0 1 0 1 1 1 1 1 1 0 0 0 1 1 0 1 0 1 1 0 1 0 1 0 0 0 0 1 0 1 1 1 0 1 0 0 1 1 1 0 0 0 0 1 0 1 1 1 1 0 0 0 0 1 0 0 0 1 0 0 0 1 0 0 0 1 0 1 1 1 0 0 1 1 0 0 1 0 1 1 0 0 1 0 0 1 0 1 1 1 1 0 1 1 1 1 0 0 1 1 0 1 0 0 0 1 0 0 1 0 1 1 1 1 0 1 1 1 0 0 0 0 1 1 0 0 0 0 0 1 1 0 0 1 0 0 0 0 1 1 0 0 1 1 0 1 1 1 1 0 1 1 1 0 0 1 1 0 1 1 0 0 0 1 1 0 1 0 1 0 1 1 0 0 1 1 0 1 0 0 0 1 1 0 0 1 1 0 1 0 0 1 0 0 1 1 1 0 0 0 1 1 0 1 1 1 0 0 1 0 0 1 0 0 0 0 0 1 1 1 1 1 0 1 1 1 1 0 0 0 1 1 1 1 0 1 0 1 0 1 0 1 0 0 1 0 1 0 1 1 1 1 1 1 1 0 0 0 0 1 1 1 0 1 1 1 1 1 1 0 1 1 1 0 1 1 0 0 1 1 0 0 1 1 1 1 1 0 1 1 0 1 1 1 0 0 0 0 1 0 1 1 0 1 0 1 1 1 1 0 1 1 1 0 0 0 1 1 1 1 1 0 1 1 1 0 1 0 0 0 0 0 0 1 1 1 0 0 0 0 0 0 1 1 0 0 0 1 0 1 1 1 1 0 0 1 0 1 1 1 0 0 0 0 1 1 1 1 0 0 1 1 0 1 0 0 0 1 1 1 1 0 0 0 1 1 0 1 1 0 0 0 1 0 0 0 0 0 0 0 0 1 0 1 0 0 0 1 1 0 1 1 1 1 1 1 1 1 0 0 1 0 0 0 0 0 1 0 0 1 1 0 0 0 0 0 0 0 0 0 0 0 1 0 0 1 0 1 1 0 0 0 0 0 1 1 0 0 1 1 0 1 1 1 0 1 0 0 1 0 1 0 0 0 0 0 0 1 0 0 1 1 0 0 0 1 0 1 0 1 1 1 1 1 1 1 1 1 1 0 0 1 1 0 0 0 1 0 1 0 1 0 0 1 0 1 0 0 1 0 0 1 0 0 0 0 1 0 0 1 1 1 0 0 1 0 0 1 1 1 0 0 0 1 0 1 1 1 1 0 1 1 1 0 0 1 0 1 0 0 1 0 0 0 1 1 0 0 0 1 1 1 0 0 1 1 0 1 0 0 1 0 1 0 1 0 1 0 1 0 0 1 1 0 1 0 0 1 1 1 0 1 1 1 0 0 1 1 1 0 0 0 1 0 1 1 1 1 0 1 1 0 1 1 0 1 0 1 0 0 1 0 1 1 1 1 0 0 1 1 0 0 1 0 1 0 1 0 1 1 0 0 1 0 0 1 1 1 0 1 1 1 1 0 0 1 1 0 1 0 0 0 1 0 1 1 0 1 0 1 0 1 1 1 1 0 1 0 0 0 0 1 1 1 0 0 0 1 1 1 0 0 1 1 0 1 0 1 1 1 1 0 1 1 1 1 1 0 1 0 0 1 1 0 1 1 0 0 1 1 0 1 0 0 1 0 1 1
437 90
50 389
815 951
995 178
995 593
553 63
391 653
378 590
615 382
726 466
365 378
608 316
495 250
462 724
385 158
545 995
411 497
949 266
843 859
484 535
945 365
318 557
975 423
880 28
969 3
991 581
50 767
231 330
161 14
996 666
968 991
563 580
656 41
709 362
30 616
130 195
352 168
140 232
494 45
348 361
599 34
579 228
427 759
100 942
276 604
487 910
999 43
909 638
711 519
433 502
478 993
667 929
593 295
551 843
620 710
889 783
754 868
355 267
624 445
433 817
990 715
428 356
895 434
708 499
379 828
415 849
371 545
130 90
849 978
332 849
918 883
35 13
290 309
75 250
619 60
660 932
379 788
244 448
800 896
848 124
660 294
747 171
909 771
984 300
207 219
433 122
644 75
924 376
613 128
237 583
799 592
358 171
164 64
759 462
495 338
720 564
218 370
296 229
584 898
21 687
579 724
796 860
260 882
180 684
526 556
508 767
577 162
276 687
803 235
552 499
194 327
276 477
738 295
712 330
103 607
270 781
301 30
110 269
468 135
131 216
600 287
636 490
314 788
357 804
623 744
84 114
869 665
198 652
595 26
766 22
735 955
668 34
660 332
257 140
787 277
893 686
44 688
999 465
459 304
460 875
382 36
248 655
457 965
43 90
365 41
649 600
925 577
186 200
353 645
206 737
286 19
102 246
170 101
620 689
476 752
929 914
90 799
427 47
660 210
622 171
691 16
685 672
566 666
938 651
591 182
379 309
419 936
80 457
913 935
971 955
81 225
590 202
45 16
365 846
520 333
629 779
882 53
615 223
191 256
228 849
261 437
166 793
980 634
724 332
401 512
738 323
502 387
141 877
774 935
658 375
38 875
200 623
733 289
770 60
784 733
545 875
438 809
113 468
753 952
460 358
161 340
370 744
691 359
187 357
7 282
643 253
150 135
581 516
939 610
137 315
701 844
393 267
131 371
520 48
353 835
965 982
605 766
440 164
284 885
915 777
648 616
769 28
627 818
208 318
821 709
845 100
344 977
268 822
405 433
361 782
115 532
998 359
592 720
471 27
303 670
194 492
66 537
362 471
147 287
35 574
661 161
458 545
701 266
678 139
760 630
497 929
304 422
172 211
412 833
986 507
347 497
906 765
575 494
858 580
359 553
604 969
39 433
177 970
781 990
918 557
527 158
849 663
332 415
874 60
480 99
717 926
862 38
948 82
432 46
516 200
671 690
353 172
927 913
759 259
622 567
448 77
478 831
700 240
514 516
464 586
595 991
655 49
173 592
669 781
753 384
287 202
882 158
673 523
314 624
60 924
822 967
568 371
833 621
129 294
637 898
226 268
823 927
700 29
187 595
245 466
794 462
599 288
306 326
681 399
206 428
47 296
19 988
160 740
768 817
956 138
139 187
607 114
923 201
936 740
807 833
925 45
718 240
433 602
604 385
832 460
871 771
166 658
740 326
711 235
736 636
758 755
347 157
62 125
210 326
318 427
657 732
274 739
33 643
644 906
984 138
218 681
286 608
968 629
231 593
978 473
332 564
868 641
659 329
220 732
756 426
630 175
850 928
487 156
290 794
160 921
158 286
303 975
724 592
471 551
353 75
448 211
735 734
791 13
599 271
282 896
831 592
830 299
232 491
997 394
58 888
677 312
29 761
824 587
578 90
883 124
991 763
948 694
976 0
384 32
738 613
931 775
262 860
837 364
482 861
485 137
591 817
454 311
94 907
0 832
657 634
503 879
394 221
938 23
455 241
516 818
455 991
667 55
426 369
790 733
796 938
530 703
570 155
417 446
384 746
577 18
19 479
893 154
639 875
992 874
112 386
75 862
150 30
638 32
280 929
203 680
314 92
574 67
187 79
540 638
628 24
632 642
457 25
373 707
719 750
337 719
97 426
75 30
702 272
703 453
442 937
160 1
72 112
983 714
252 460
631 544
236 4
719 615
354 865
650 864
411 386
553 942
83 151
413 108
629 728
368 574
782 498
229 171
317 635
204 105
507 248
746 184
274 454
153 720
803 974
983 806
937 474
667 411
359 516
112 777
456 655
196 341
284 379
693 732
278 802
506 604
896 656
875 51
267 257
596 295
424 71
679 235
39 103
615 275
775 720
307 531
463 3
234 478
382 677
243 357
443 206
622 827
252 176
776 61
228 589
506 566
962 249
722 328
347 697
270 678
824 498
384 299
547 103
490 918
767 830
235 719
275 101
714 298
723 840
606 610
91 910
198 86
323 322
559 967
940 974
804 314
993 166
353 884
400 143
432 140
494 609
260 738
825 592
246 446
314 631
532 369
808 965
448 701
587 160
142 96
0 702
73 460
410 202
143 604
190 247
879 323
805 393
554 500
976 431
965 872
526 28
791 793
240 574
864 510
226 881
296 951
274 229
340 749
307 145
117 766
193 127
534 245
816 330
148 832
539 148
711 231
631 767
32 604
92 996
478 70
922 602
231 721
51 293
671 58
763 8
886 527
415 327
317 383
670 378
779 185
183 520
316 815
318 459
464 278
782 486
839 542
470 242
998 516
732 347
626 606
33 811
406 340
109 703
362 140
486 310
769 184
521 336
569 708
15 213
436 603
854 384
535 719
198 403
624 279
828 184
636 330
583 777
719 162
809 833
671 199
823 430
627 272
902 332
457 218
541 963
429 873
831 772
904 838
37 858
65 557
951 845
925 772
639 516
365 719
181 315
727 580
246 527
863 282
266 481
920 646
735 228
223 63
965 62
280 656
770 327
911 153
696 171
134 556
605 120
296 804
19 604
934 281
186 718
15 650
171 447
961 625
656 290
494 769
270 180
306 74
139 978
302 318
157 856
222 215
687 207
643 424
143 63
495 838
617 254
665 879
911 859
370 932
785 359
339 183
324 893
21 272
15 604
46 837
843 14
342 217
305 386
48 941
380 691
456 34
957 598
156 689
412 601
300 911
818 37
299 78
333 874
607 846
498 432
413 318
251 368
656 588
68 875
743 357
812 489
686 300
786 235
487 412
279 811
360 934
697 253
626 816
585 502
417 259
964 635
367 184
450 810
801 810
548 450
945 578
239 351
823 142
948 342
739 435
176 807
301 202
376 970
202 767
59 491
243 314
543 25
172 411
385 595
283 193
699 79
600 517
759 979
386 506
761 123
126 112
510 93
459 122
771 152
319 876
957 123
409 879
413 221
661 725
978 525
641 712
845 594
918 896
882 208
958 933
275 519
57 408
129 281
630 349
902 579
547 598
562 722
462 747
745 839
314 716
958 600
103 36
521 641
818 421
565 973
358 33
814 863
257 82
715 902
974 761
367 559
456 62
843 579
889 684
757 404
766 455
603 41
39 357
555 51
249 130
723 193
54 363
544 750
594 70
156 493
489 13
439 903
736 98
327 873
239 278
801 561
502 763
686 145
817 587
646 896
732 999
695 269
328 750
237 999
644 797
372 824
563 259
693 311
49 943
526 420
394 856
984 608
742 589
877 703
797 937
779 14
616 929
449 1
228 239
823 731
288 534
688 72
136 440
780 110
398 253
818 264
881 527
987 733
229 448
458 715
688 541
792 443
316 61
336 74
475 558
454 811
917 998
412 622
261 932
740 642
42 267
785 796
669 237
916 730
181 563
392 706
23 254
860 10
859 628
424 194
69 820
582 10
262 980
275 53
606 344
517 788
396 33
66 577
845 655
400 854
130 412
988 565
625 792
450 603
930 113
917 530
990 220
138 4
531 61
591 505
313 540
569 662
280 74
611 858
707 539
161 104
365 639
476 837
12 926
4 499
932 681
640 310
560 150
440 476
665 257
507 367
991 174
598 981
926 117
562 587
988 647
610 164
348 940
213 856
689 836
791 879
272 124
764 785
666 238
883 327
544 290
498 259
684 47
407 201
172 490
986 690
773 619
967 754
155 216
1 977
351 304
69 851
663 662
733 888
481 675
615 518
366 544
499 203
414 768
693 75
865 241
898 946
438 751
104 247
906 306
12 342
671 297
396 434
646 832
767 675
969 472
672 520
696 984
29 504
850 558
879 958
285 762
762 329
543 982
498 822
318 852
906 130
424 818
820 623
73 752
785 970
214 724
10 706
394 516
321 225
488 634
607 536
461 433
800 245
817 556
648 476
946 906
313 142
198 148
926 815
513 742
324 488
574 413
922 918
331 121
576 618
350 925
696 176
791 974
207 294
312 790
434 316
464 195
257 666
841 667
439 706
975 814
431 782
457 398
546 448
580 618
350 564
209 407
531 464
489 824
476 649
646 984
548 330
217 718
301 385
450 573
877 126
277 738
228 401
820 786
384 866
706 279
502 569
682 510
308 132
989 168
824 948
434 26
643 658
579 879
128 650
469 262
698 615
419 549
526 688
64 351
820 914
744 10
962 373
653 410
749 55
196 312
16 312
64 715
834 13
988 405
741 580
368 632
514 344
569 126
487 789
414 705
850 948
414 86
726 161
945 223
752 961
891 900
562 962
547 570
759 397
496 932
905 486
843 480
125 187
565 282
661 263
752 766
975 376
401 231
980 88
125 320
719 920
121 499
453 365
156 988
923 283
178 740
405 984
712 762
347 624
367 572
854 66
332 712
938 753
813 103
427 436
19 165
43 930
675 455
209 487
843 98
677 780
46 219
206 916
255 432
524 912
530 268
668 158
858 506
170 490
991 370
553 590
822 551
830 802
307 479
673 311
923 775
250 203
567 153
815 447
121 575
852 138
323 532
611 943
608 438
357 426
903 682
123 186
620 817
459 11
805 979
549 328
974 703
532 274
375 431
345 1
979 219
808 465
704 25
464 350
156 221
387 117
494 854
676 27
932 534
394 656
397 623
774 574
306 457
581 711
575 484
98 922
574 702
464 712
988 294
534 371
27 655
460 298
298 691
228 474
857 938
965 675
785 350
158 949
488 315
246 118
674 879
452 722
177 220
516 626
407 328
532 475
423 240
984 62
543 152
464 817
845 87
49 578
868 598
288 796
831 950
698 608
417 403
104 777
957 610
159 495
819 16
155 964
39 545
746 954
107 145
576 168
371 374
835 304
573 920
99 988
499 307
229 46
331 694
783 205
142 999
417 11
173 593
402 448
106 831
143 709
139 54
74 211
774 124
360 805
763 583
785 193
323 88
777 219
363 251
226 151
212 506
98 159
260 292
567 792
829 989
893 962
927 736
881 525
283 817
0 663
467 30
149 688
620 78
485 270
29 943
996 750
611 491
825 42
920 756
639 747
239 738
169 587
720 558
278 136
313 358
35 956
24 272
646 577
136 205
683 607
613 801
626 28
732 329
82 763
503 576
443 681
13 860
643 904
156 867
652 15
911 48
397 514
335 234
140 656
215 142
745 938
791 877
343 618
731 325
243 626
765 596
132 206
751 768
705 103
455 368
318 532
827 807
816 206
387 503
950 488
458 309
613 778
252 56
844 35
851 193
863 144
547 432
966 395
70 886
356 87
704 801
574 420
134 366
112 806
724 307
285 816
507 541
436 511
632 338
969 352
610 719
934 221
801 399
886 921
582 474
499 150
792 215
699 855
72 906
962 982
832 523
374 131
60 148
492 847
72 924
723 81
182 838
824 957
163 857
283 789
684 29
971 513
87 32
467 122
688 124
509 205
956 124
612 619
538 583
344 832
367 360
697 704
263 385
218 290
363 504
703 317
421 731
914 80
206 307
406 617
475 848
367 1
824 673
166 60
415 833
782 444
244 53
556 759
199 65
939 402
524 83
208 690
285 371
614 733
378 469
628 149
44 946
483 229
368 525
812 327
8 419
910 389
236 782
51 418
694 784
987 942
972 691
413 493
78 592
249 926
84 205
909 956
556 184
815 399
904 913
811 42
156 428
553 55
239 22
712 964
761 755
159 111
778 948
702 481
780 979
36 403
817 718
833 151
139 455
26 13
544 239
780 815
78 963
176 434
700 92
698 828
398 862
4 729
751 232
472 481
967 523
101 151
253 451
107 526
772 638
356 52
537 175
943 277
608 199
960 799
731 848
9 760
355 382
685 399
60 897
302 675
642 849
56 215
614 853
640 455
251 218
266 13
184 348
907 368
965 515
436 945
204 305
998 578
450 290
577 368
7 973
968 674
951 637
949 299
706 465
746 316
242 317
459 997
493 118
300 986
351 818
27 942
111 488
960 439
15 632
163 602
793 339
272 350
49 791
85 567
864 84
982 624
663 746
187 91
993 525
862 301
280 241
158 216
71 595
748 950
522 448
624 241
917 171
566 781
302 315
787 697
591 204
701 230
841 133
790 881
280 170
446 825
760 985
854 500
74 204
265 687
405 231
46 636
596 397
638 740
941 342
532 208
181 968
970 344
532 918
998 266
266 872
888 499
876 484
502 546
367 647
969 144
922 396
328 647
588 785
190 416
964 181
780 645
57 291
980 471
712 271
399 132
321 870
114 163
274 856
408 312
414 899
147 123
146 192
276 952
902 218
484 621
530 734
876 637
85 223
168 12
363 886
138 415
110 671
665 838
122 498
289 512
742 372
108 226
562 294
243 621
466 689
924 533
810 573
15 563
813 924
774 287
857 626
550 718
642 952
346 814
621 447
242 35
478 733
707 689
515 839
425 395
679 274
323 663
339 532
36 294
375 829
76 692
70 693
628 973
120 994
201 111
22 835
167 952
282 966
799 37
763 70
938 230
321 701
819 911
972 836
427 145
466 567
124 104
638 989
440 133
911 809
689 155
659 101
518 797
194 753
59 114
370 884
644 64
416 672
545 329
244 462
740 662
873 310
19 548
17 547
997 373
646 239
388 969
832 43
531 184
611 540
372 409
80 474
19 679
802 274
356 981
223 557
25 45
176 692
982 788
8 382
77 202
329 364
125 281
216 578
928 921
92 628
933 583
690 339
579 357
361 844
901 336
808 931
866 127
165 504
364 173
944 661
514 238
99 563
541 409
550 784
129 533
763 208
814 939
762 806
16 984
942 570
952 315
747 148
374 440
680 47
168 137
730 23
467 5
186 386
269 125
418 220
632 180
404 701
888 488
898 366
543 407
901 688
184 524
275 264
119 66
499 108
727 753
89 626
381 646
652 72
168 65
869 795
185 735
965 548
964 65
606 178
261 126
456 493
586 938
270 138
850 989
380 922
980 976
838 459
207 485
623 703
751 723
387 615
286 704
556 796
159 895
999 702
489 867
675 971
700 927
380 471
854 506
572 340
130 117
312 313
687 545
435 453
572 168
385 633
416 768
281 421
554 991
296 3
415 596
328 572
95 643
38 375
344 876
219 258
166 197
180 390
475 705
83 12
242 354
765 174
365 33
201 192
954 252
68 200
664 116
160 511
453 156
105 834
744 523
908 606
314 634
746 812
553 29
653 107
91 338
494 73
185 656
290 219
871 832
776 782
326 803
233 910
59 666
437 733
698 144
340 357
648 219
224 650
215 287
875 979
227 294
627 166
602 239
647 267
874 599
600 780
522 416
592 770
692 896
426 253
286 226
900 247
745 499
827 749
807 703
21 170
775 57
443 61
122 387
880 300
416 354
360 676
745 936
517 266
983 989
985 749
83 794
928 454
501 214
372 373
703 572
984 265
621 786
135 289
700 690
360 942
162 654
261 586
779 65
58 268
896 484
620 559
799 109
94 293
113 466
995 8
194 337
367 752
559 415
784 591
874 959
435 881
833 707
338 765
805 289
54 258
434 83
173 856
373 716
211 948
121 102
17 143
740 640
730 670
515 693
324 46
262 874
269 166
924 679
147 193
279 428
879 799
645 505
220 501
552 578
57 922
661 485
402 926
845 633
442 56
897 383
237 891
31 348
994 850
228 688
532 986
11 184
403 614
668 57
652 915
26 454
263 552
299 825
215 307
822 917
675 72
830 568
167 729
530 329
809 937
725 755
353 187
661 266
149 831
398 171
526 49
597 517
726 547
116 674
682 267
181 351
251 816
771 957
456 149
871 842
827 697
86 197
207 143
865 472
778 899
583 194
118 681
428 233
971 357
900 569
659 738
525 414
904 5
385 165
556 889
376 627
678 98
558 50
903 39
300 768
230 673
476 372
575 988
700 659
921 163
593 460
549 247
761 924
822 156
152 141
2 398
690 772
205 738
353 404
343 857
991 252
439 871
434 495
769 34
742 82
402 749
441 985
973 910
248 945
449 473
400 655
756 10
535 373
251 43
646 718
573 236
304 220
594 973
882 663
732 65
835 663
143 213
898 85
77 600
294 914
526 452
323 540
325 564
144 937
522 572
679 345
464 617
162 79
785 448
71 366
407 367
925 879
451 466
914 459
711 671
548 221
178 54
793 189
644 851
791 618
178 852
853 647
112 202
586 299
919 795
37 795
880 368
497 459
370 193
228 503
891 136
231 740
215 320
158 867
5 778
308 780
411 292
386 20
479 9
514 370
454 956
901 429
643 77
652 469
704 359
330 656
830 212
601 930
17 984
149 377
198 83
539 244
497 341
37 50
554 572
186 290
405 419
228 34
31 713
205 282
848 645
74 607
301 952
758 992
151 351
453 58
535 570
340 664
243 881
309 366
834 125
244 490
821 434
992 824
872 391
598 191
460 649
858 32
768 148
990 971
95 943
28 267
951 805
188 76
839 857
246 258
494 625
788 387
682 945
165 565
975 575
944 468
366 828
686 905
123 764
886 60
730 195
777 925
472 6
193 803
901 31
811 520
488 580
804 217
174 193
630 55
265 937
411 694
175 551
254 727
787 520
989 308
871 167
890 580
127 233
688 114
352 430
574 446
264 721
446 622
921 537
730 623
24 4
107 20
627 919
520 176
522 733
237 737
465 806
2 651
643 695
794 401
13 66
550 946
0 299
150 220
329 918
730 814
414 753
866 848
461 283
967 140
610 443
649 297
653 375
383 589
341 65
367 852
733 336
442 732
81 412
241 478
857 894
967 500
327 950
818 904
611 981
573 862
542 932
855 802
405 286
376 614
231 817
991 270
405 981
622 968
695 790
121 8
889 291
31 262
949 361
835 852
779 259
409 499
551 313
752 467
773 961
471 548
63 821
366 139
136 75
509 872
185 899
767 668
118 584
906 424
391 174
461 947
570 22
480 394
103 368
624 756
876 315
21 605
400 157
227 316
699 372
212 584
293 399
369 825
31 0
110 856
643 755
938 446
667 611
283 821
966 497
570 957
898 867
847 998
50 130
930 993
638 262
916 541
199 913
843 129
724 787
652 352
198 65
56 955
396 895
917 603
826 572
954 968
918 331
45 953
703 862
27 11
920 205
675 382
451 970
184 408
367 58
624 721
773 82
384 501
682 910
248 674
396 650
472 280
516 99
107 927
88 570
67 375
641 951
42 690
952 351
559 933
247 592
530 935
244 190
401 497
641 544
780 411
102 970
798 415
845 972
821 395
65 519
34 712
712 538
818 846
258 558
799 939
419 334
923 323
854 137
178 331
31 127
331 150
474 22
269 939
905 242
10 608
765 858
284 610
261 512
216 522
236 506
508 393
585 505
34 842
150 353
908 744
835 425
190 585
803 587
694 729
115 611
308 616
19 252
643 925
8 508
232 193
550 953
258 302
128 518
935 612
687 853
882 240
58 798
993 270
192 874
909 781
65 438
126 198
298 881
794 485
997 263
589 57
212 457
608 538
100 893
653 831
490 493
687 336
813 706
166 568
211 764
447 434
477 485
272 230
443 645
126 186
369 772
18 846
424 983
687 338
435 985
389 985
864 707
649 538
710 827
420 162
659 823
667 523
336 737
791 238
38 402
570 698
725 378
534 133
794 509
268 800
877 326
551 990
314 97
344 818
150 267
203 640
600 909
355 825
443 3
415 444
606 338
431 625
293 197
826 126
571 239
931 639
983 345
762 18
49 60
342 612
495 195
541 446
38 621
552 688
648 756
639 740
822 574
962 343
407 871
208 598
638 172
29 259
399 969
564 838
997 454
683 768
63 749
341 745
788 417
780 773
158 51
410 693
585 376
268 782
173 184
679 202
148 997
382 960
88 215
267 743
964 710
976 75
140 392
837 287
721 276
567 77
959 453
625 163
474 926
770 86
287 522
66 581
667 654
738 326
212 679
303 957
911 767
557 608
98 929
423 236
67 35
369 367
195 252
217 861
128 869
96 656
198 166
420 728
357 44
935 704
845 44
819 303
716 301
872 763
782 454
669 408
604 451
386 437
123 838
303 56
631 497
985 74
252 581
478 819
244 980
476 766
794 621
633 654
805 830
277 154
820 840
248 914
898 76
803 324
978 70
211 521
210 478
348 440
414 463
980 370
435 721
852 850
505 930
838 202
990 211
487 938
118 450
238 280
917 262
616 568
964 821
929 859
264 197
398 954
939 387
576 506
547 622
742 584
62 761
664 241
533 730
881 949
214 370
194 963
773 707
485 878
6 128
305 803
92 838
118 283
681 823
766 898
845 856
960 414
815 61
231 100
478 262
581 39
92 86
825 607
688 227
817 576
851 646
508 616
310 465
421 326
618 549
113 852
825 894
678 861
165 320
95 911
228 3
863 599
307 706
446 342
205 10
736 666
705 385
505 211
651 403
605 716
256 47
943 740
368 959
245 405
116 225
190 226
766 97
118 758
25 556
190 599
190 293
43 767
348 945
67 887
700 230
442 549
872 865
145 620
617 465
455 950
615 182
232 798
973 757
65 662
177 602
854 525
6 285
762 559
357 34
428 458
937 622
710 227
186 884
86 951
828 344
308 184
917 529
875 996
117 720
507 889
518 954
777 232
69 400
637 673
251 321
708 188
638 957
354 69
120 807
246 950
5 57
1 115
690 565
724 905
142 111
351 355
263 683
406 880
825 1
962 618
496 35
984 242
486 128
705 668
106 270
651 755
87 902
72 47
344 795
877 274
415 33
281 137
31 939
597 730
139 258
800 332
577 127
81 957
700 676
940 887
612 352
602 72
941 884
605 971
540 385
916 910
528 104
598 230
869 857
545 723
141 934
379 982
404 114
192 345
347 702
984 730
746 691
366 912
120 761
222 463
262 680
659 521
727 668
651 107
564 812
379 485
254 851
422 50
457 910
584 376
406 35
20 750
64 752
475 897
372 737
493 170
613 71
243 65
917 568
757 154
124 435
371 679
543 55
883 835
899 299
85 393
658 406
571 219
151 938
898 326
909 312
155 419
351 662
360 435
989 883
346 497
163 574
544 700
125 50
315 690
810 913
945 469
500 749
450 408
524 564
922 608
361 205
973 202
913 969
535 944
499 924
788 549
844 941
936 219
182 917
618 958
687 990
663 604
163 149
811 869
913 80
543 942
486 874
900 617
523 930
878 578
848 920
136 466
568 412
118 409
36 814
292 702
531 3
930 133
519 149
760 128
878 172
275 270
299 34
100 763
850 102
708 386
666 49
909 517
289 650
368 545
581 848
686 376
396 602
116 363
14 851
330 327
55 969
69 136
630 677
692 502
801 432
67 428
717 114
553 819
442 876
251 592
846 608
959 214
780 934
40 79
58 467
566 241
62 358
756 860
770 894
277 468
615 79
790 520
54 579
861 310
267 99
312 4
166 107
35 256
516 611
666 982
343 707
432 348
871 367
13 874
595 983
524 620
314 963
367 970
828 752
926 288
260 115
97 917
331 591
66 518
158 452
370 10
800 651
373 625
675 38
141 138
442 216
751 512
433 248
766 665
524 786
484 160
808 324
214 276
9 682
309 97
635 846
524 999
447 595
710 168
110 588
541 856
45 369
511 611
533 587
173 46
14 814
618 398
785 20
224 285
186 243
507 879
466 664
454 422
92 357
887 386
389 713
634 383
383 515
672 189
984 623
78 575
574 904
828 708
847 524
734 509
399 746
338 824
868 846
330 640
91 815
457 520
678 807
42 786
833 82
393 106
930 450
202 341
993 773
550 554
822 327
108 766
407 154
415 899
698 532
721 485
871 166
250 570
543 444
629 2
669 387
175 151
452 619
146 309
998 95
990 794
465 3
204 617
395 743
184 244
856 630
363 540
634 885
692 722
332 482
199 717
270 984
904 788
302 876
672 913
768 333
378 527
585 177
468 656
231 357
541 717
35 182
843 317
410 183
4 320
738 936
582 445
409 751
808 630
265 943
393 16
127 553
907 947
726 238
678 34
202 461
388 449
76 218
948 608
75 555
333 285
835 777
188 930
295 267
866 985
296 170
471 217
346 223
365 83
968 884
885 278
563 971
909 209
123 757
945 272
169 12
993 628
286 516
44 677
724 141
197 627
699 196
605 49
916 671
812 385
494 853
55 136
535 349
185 912
845 318
434 973
765 222
127 655
303 427
486 365
797 754
687 183
327 163
746 864
245 938
754 46
411 817
3 393
254 703
889 794
16 589
731 349
537 165
877 847
747 881
160 326
151 419
327 102
55 732
421 290
220 191
644 633
432 682
494 674
857 286
655 302
881 677
52 448
942 357
154 612
587 3
748 673
577 831
462 817
674 54
542 592
142 776
291 409
55 751
945 480
227 742
836 449
563 581
383 977
995 165
686 729
486 143
559 181
927 290
607 962
763 232
777 13
594 863
930 763
950 145
111 333
337 581
390 956
399 377
74 971
327 447
134 420
733 286
570 216
319 228
178 732
144 694
390 101
368 467
925 72
755 88
256 25
250 909
322 989
398 767
546 666
338 841
739 110
44 566
768 587
252 564
585 59
94 242
80 154
501 725
456 737
827 430
184 940
725 362
448 932
289 849
541 823
130 866
475 610
534 72
227 214
644 364
373 183
644 744
769 689
894 980
903 928
434 669
932 40
313 951
503 410
422 747
875 706
49 695
769 183
217 982
528 73
787 800
211 349
799 50
902 413
660 439
631 133
878 917
379 661
879 438
669 295
297 43
310 93
249 158
285 112
128 515
458 11
464 362
364 616
484 37
576 324
203 126
814 657
780 450
570 620
32 775
655 939
153 643
252 833
110 208
546 243
399 279
375 689
605 583
584 11
345 616
513 141
172 944
279 892
742 839
320 542
79 904
912 902
74 448
97 208
843 559
436 309
171 599
273 993
368 977
306 423
601 2
975 803
391 251
176 140
226 476
234 178
958 214
170 433
581 177
851 703
823 290
89 511
173 868
700 129
91 395
730 788
716 286
424 320
573 829
649 956
688 564
652 314
437 28
767 418
661 172
517 304
977 357
247 42
616 889
631 276
412 560
997 231
902 287
693 285
364 0
664 749
49 931
569 889
573 497
329 609
951 850
11 23
856 263
898 498
176 806
518 641
579 251
854 327
247 952
801 194
938 803
881 373
929 496
246 704
308 914
555 851
835 523
367 586
538 505
492 438
772 842
319 474
605 538
767 101
769 32
716 510
806 214
506 894
692 420
791 119
599 787
671 872
596 245
129 284
885 946
293 183
931 569
873 520
701 958
231 122
107 885
907 249
333 450
339 734
657 877
235 576
97 638
385 258
847 975
255 351
553 363
910 681
871 828
67 984
328 393
41 601
466 3
180 640
383 659
236 144
460 622
500 785
812 259
469 638
986 208
287 106
315 472
595 653
428 724
582 576
701 796
965 660
307 823
985 635
730 793
149 428
495 693
981 964
404 877
190 794
238 641
952 896
831 409
328 737
429 409
452 591
407 586
429 993
723 617
807 522
242 431
693 234
872 175
262 616
37 678
443 838
626 526
686 408
446 337
265 865
846 377
656 833
631 37
525 295
245 27
29 902
608 616
941 689
866 101
630 752
359 528
186 568
137 162
988 233
88 717
448 367
710 221
402 540
177 573
324 491
222 941
733 313
682 633
430 20
109 946
272 395
156 569
632 790
756 701
595 667
945 73
509 821
310 444
885 26
931 852
2 211
291 120
727 185
652 337
296 902
68 249
991 110
706 110
53 533
958 821
658 68
320 994
484 377
807 793
458 191
769 977
787 217
559 97
7 755
614 880
207 734
640 297
175 876
270 501
149 229
215 298
115 651
120 422
540 866
177 491
412 213
434 27
415 538
901 702
68 322
380 369
622 753
363 30
97 412
151 675
354 843
63 77
354 204
265 33
672 412
720 149
764 782
244 986
448 973
233 35
497 134
871 273
578 936
123 349
265 786
722 166
628 946
424 607
596 490
969 888
721 221
204 996
479 794
986 434
638 954
843 854
27 337
226 523
309 66
967 586
57 245
844 313
509 407
858 755
988 204
835 724
851 710
567 525
632 446
497 787
197 173
306 702
728 284
889 298
944 407
580 109
582 343
148 154
968 707
15 803
426 178
628 595
26 736
107 258
194 925
631 330
279 68
615 383
848 960
530 280
651 603
13 830
435 658
488 441
598 472
791 496
797 965
277 459
770 989
791 207
780 861
862 208
654 932
748 129
96 326
520 498
323 108
133 424
986 152
80 292
801 842
911 331
616 482
279 523
951 877
296 254
109 712
361 102
892 802
94 536
402 503
794 489
901 64
663 623
497 388
580 53
213 554
841 961
507 9
253 686
222 848
922 231
847 861
621 197
556 1
520 1
340 900
592 751
36 110
227 423
950 566
36 144
790 773
864 789
477 607
97 408
282 523
638 861
968 380
759 489
715 323
198 167
269 45
393 929
280 177
770 995
830 201
640 879
775 631
20 192
237 858
4 803
22 199
684 59
180 912
473 391
87 557
775 332
230 588
81 419
231 499
665 544
224 346
883 396
333 805
423 244
11 160
502 55
196 670
567 414
638 998
241 831
675 99
632 719
559 875
157 679
438 731
171 141
850 939
331 418
773 799
579 29
0 287
721 746
552 696
84 599
814 686
68 3
931 531
358 241
824 542
198 981
645 425
915 771
523 184
64 866
328 79
870 113
993 784
554 272
377 255
635 130
35 831
830 801
120 586
230 506
576 615
5 29
935 506
268 22
439 773
581 399
427 77
630 910
54 848
353 923
115 493
199 578
668 863
845 565
148 992
755 320
145 232
759 709
884 288
996 325
546 571
241 895
599 582
235 780
879 211
80 988
199 94
873 669
528 543
946 904
539 378
90 694
593 641
957 759
340 212
139 554
792 263
270 92
600 308
185 413
741 745
864 974
356 84
102 812
906 557
579 677
521 139
43 205
878 804
373 344
183 270
33 372
290 95
920 537
167 56
421 761
415 935
930 809
31 473
606 450
197 214
429 540
998 25
122 456
347 969
324 305
936 897
947 552
187 380
702 170
451 991
955 625
427 677
104 593
437 964
244 367
287 149
451 789
528 469
504 231
232 269
803 842
380 644
877 412
922 827
137 223
257 656
314 348
67 299
479 489
469 684
514 724
311 925
899 627
231 224
247 504
980 683
47 402
220 615
52 307
825 683
282 710
714 218
956 315
971 119
571 619
200 394
509 264
305 817
618 902
66 322
769 921
851 969
698 888
363 802
819 938
478 762
559 922
383 620
424 570
823 407
640 192
90 330
537 416
580 944
656 490
518 683
980 705
464 297
658 249
754 937
39 296
323 543
686 126
426 433
301 682
927 367
879 2
289 923
323 776
906 640
779 599
456 404
62 83
981 858
372 672
81 747
113 926
526 682
950 362
703 395
866 496
775 73
413 809
50 378
236 799
770 90
966 764
133 612
352 297
785 35
865 4
996 683
50 483
988 616
584 969
696 62
305 2
750 608
536 584
579 312
580 112
318 717
790 715
486 863
707 930
447 349
292 336
862 161
710 762
384 394
867 930
729 791
806 93
283 36
273 170
36 876
716 429
416 375
358 41
477 189
592 413
668 835
325 111
930 946
652 94
691 366
540 431
759 230
101 822
614 192
794 48
496 240
957 287
647 827
544 864
555 603
486 578
66 630
249 682
118 112
634 536
607 797
900 748
547 778
366 884
683 7
787 341
906 930
207 947
640 681
895 196
596 577
381 681
333 924
422 539
181 507
5 949
434 217
248 243
672 59
766 956
892 117
710 59
90 705
572 930
829 554
610 453
329 255
293 928
599 88
907 139
128 853
710 544
146 88
540 672
352 640
628 210
697 664
909 361
906 692
979 861
99 936
312 211
383 978
578 452
316 866
165 197
360 389
597 681
731 892
48 977
488 784
782 119
220 497
982 647
173 513
293 347
11 940
862 931
755 51
596 763
241 453
817 400
636 647
948 959
452 425
393 424
265 574
300 109
664 558
333 270
851 310
609 402
422 265
983 60
596 62
454 142
494 796
407 837
17 334
438 151
385 122
372 792
349 923
246 578
890 183
121 919
651 649
481 78
184 259
602 708
370 67
963 57
173 446
149 412
433 611
522 637
775 543
813 207
935 689
726 588
718 259
639 857
304 275
521 502
904 677
897 138
74 504
726 543
157 330
577 15
852 184
590 510
851 237
701 235
756 203
36 303
440 575
792 221
313 820
107 754
824 373
219 784
251 334
0 545
154 357
632 76
833 423
461 675
709 611
74 503
812 108
57 260
242 499
224 931
668 232
65 359
895 684
571 326
397 240
531 400
745 300
477 959
667 152
72 693
225 892
340 959
638 480
650 634
502 652
891 317
785 50
117 351
440 713
863 786
128 758
987 647
961 692
857 461
713 797
151 641
724 316
481 880
605 119
25 468
176 892
106 860
225 329
892 555
318 674
690 776
962 698
899 657
749 872
797 637
216 983
274 895
412 563
565 729
615 632
831 44
879 680
157 135
793 804
625 828
974 198
5 673
884 310
17 144
788 464
662 111
581 906
330 729
927 650
205 600
976 556
211 696
493 857
451 714
104 664
52 553
267 223
919 383
478 868
591 208
305 394
167 511
802 259
203 786
469 431
501 967
968 301
865 244
657 76
287 129
264 128
660 667
548 828
482 621
952 540
464 983
324 901
499 91
664 523
619 319
945 533
340 174
97 72
29 530
730 627
746 41
110 750
471 857
654 607
762 796
629 282
244 616
807 26
495 102
632 144
916 33
148 612
985 377
106 177
316 258
571 817
922 563
730 207
740 501
19 683
681 726
737 151
624 263
757 192
639 648
966 411
749 759
912 209
845 666
677 861
886 146
288 726
911 963
360 213
860 978
218 240
285 168
223 831
697 727
729 580
744 571
266 496
790 194
169 718
667 383
103 105
866 963
980 884
304 478
48 982
869 252
859 64
860 624
955 259
310 488
249 667
786 308
427 403
592 659
942 919
994 551
799 992
627 454
142 781
909 718
561 487
159 430
136 794
142 413
589 335
974 245
409 248
744 504
4 170
744 136
257 536
810 649
223 385
896 633
900 754
661 412
437 625
660 350
422 367
585 206
518 871
681 647
599 698
24 88
783 853
263 290
392 115
721 159
25 680
796 182
485 340
302 773
180 301
397 621
488 696
378 398
441 316
324 231
16 549
665 374
603 784
572 503
605 676
943 689
407 151
761 13
398 126
936 395
379 364
477 181
673 105
615 896
255 202
103 373
840 379
8 726
913 255
169 557
218 753
630 52
775 821
789 235
955 667
837 985
39 158
345 342
612 771
658 611
854 479
506 885
367 533
147 197
666 920
106 598
536 256
331 750
304 978
492 689
651 538
441 353
577 566
907 737
7 408
299 564
794 313
185 160
343 487
184 278
356 733
535 645
550 537
104 342
154 358
716 388
960 115
430 236
93 919
229 317
311 252
634 823
991 183
357 59
989 778
853 611
400 924
386 819
702 924
695 129
324 593
27 789
327 75
744 879
454 770
870 961
875 298
318 640
694 433
415 434
395 876
654 759
590 875
482 19
294 557
277 298
902 497
452 48
584 410
660 647
370 890
805 464
869 645
586 446
67 812
130 987
267 963
549 975
370 6
986 819
851 932
661 466
186 634
203 519
514 384
565 617
651 977
127 735
886 76
976 938
854 371
994 88
183 284
403 182
294 90
799 820
861 671
592 792
538 223
769 515
23 394
914 962
826 942
993 492
445 563
217 113
34 27
976 278
474 659
987 788
325 476
170 458
753 381
579 794
861 143
708 597
775 150
634 446
832 950
355 538
798 776
809 645
668 562
500 311
674 84
502 307
276 967
775 639
408 733
342 641
165 67
73 813
717 823
462 54
83 314
652 972
614 638
138 889
529 829
444 470
699 465
824 928
89 576
17 994
563 372
692 991
624 503
826 388
279 143
192 712
228 929
816 3
878 788
735 578
102 8
959 281
85 976
447 27
987 306
384 154
648 943
107 613
657 633
767 85
384 83
989 887
35 976
794 720
868 874
877 78
715 342
749 94
11 363
371 574
616 309
675 220
262 912
440 434
888 983
599 462
140 347
37 939
654 554
578 386
711 403
551 600
840 899
554 948
390 973
834 840
286 185
602 940
351 650
684 113
523 219
27 393
928 50
827 643
504 441
683 890
809 603
141 700
255 72
852 808
108 18
545 217
966 84
529 435
456 606
378 775
620 639
360 540
320 464
87 343
154 267
120 348
635 701
397 419
574 888
432 69
825 714
690 801
423 148
731 705
440 466
217 794
958 890
663 951
247 449
223 747
677 985
795 217
137 285
382 202
742 396
951 554
177 790
799 614
3 891
899 570
648 462
208 145
62 136
795 675
206 743
463 354
190 882
788 605
454 475
64 379
165 48
414 173
913 542
313 106
932 955
431 228
118 748
66 308
165 199
101 167
157 119
400 249
825 680
334 539
561 865
662 349
998 294
66 988
657 474
22 407
144 394
811 44
950 617
539 433
774 407
842 519
708 566
690 102
808 775
284 376
686 350
719 968
61 196
762 220
340 222
490 337
377 11
607 788
34 302
781 916
104 532
412 70
228 911
353 995
40 622
907 130
519 724
468 489
897 188
922 598
519 236
190 501
177 78
331 461
177 263
196 557
223 269
775 108
990 301
728 464
331 103
584 176
62 169
529 719
663 346
734 462
125 692
884 544
392 323
275 856
677 663
529 852
899 864
274 231
667 285
596 511
460 703
929 988
761 346
221 628
80 368
987 640
845 935
973 928
471 457
910 623
828 144
709 797
844 456
705 992
80 588
305 571
354 76
702 820
677 643
273 493
364 377
597 299
588 128
260 110
262 766
323 581
526 44
719 642
95 631
755 304
131 26
16 830
411 121
31 744
281 773
783 911
820 741
198 432
295 0
669 125
13 193
16 915
308 633
994 214
697 256
210 873
814 564
40 643
494 244
155 626
501 680
277 993
958 844
960 423
800 635
442 272
746 50
50 140
41 919
574 821
298 115
221 468
151 340
103 457
501 647
755 409
540 419
924 242
638 455
430 620
960 800
575 247
786 915
919 448
406 703
366 618
806 567
374 464
65 209
810 298
777 182
216 25
134 781
987 629
126 316
6 155
40 522
269 331
44 355
407 897
36 723
76 178
452 996
761 985
273 226
757 152
457 663
939 99
596 93
75 657
867 262
335 357
419 457
146 691
397 888
893 522
15 488
989 38
288 848
470 398
745 960
267 458
400 642
308 432
443 174
189 283
537 172
268 963
876 728
397 414
127 87
725 886
209 266
193 899
656 638
524 659
6 340
962 763
932 106
130 229
66 5
246 916
688 21
851 541
839 763
22 827
225 22
716 623
653 148
951 10
456 142
185 773
281 297
184 287
293 78
115 966
942 210
192 705
231 503
89 489
767 812
916 122
446 776
583 703
292 349
88 909
267 376
105 559
376 701
355 619
577 694
440 499
356 421
955 94
575 157
900 798
75 503
574 957
53 467
820 816
298 312
325 886
247 844
552 964
295 28
758 778
212 448
791 724
971 828
489 107
985 535
242 389
900 466
16 174
4 372
924 601
843 809
780 434
980 927
276 104
397 89
460 34
127 709
808 136
763 890
511 843
586 797
565 498
999 342
677 538
106 448
893 280
627 946
668 859
716 270
558 783
575 319
321 105
482 99
170 726
12 789
181 626
284 648
859 962
528 802
482 738
126 123
243 472
647 115
158 709
67 559
707 16
536 216
770 143
684 242
204 281
291 442
237 964
163 328
600 562
223 979
968 88
455 342
706 140
606 776
524 578
757 25
109 802
34 233
609 716
959 613
796 738
206 366
201 495
227 753
324 11
120 68
237 518
82 944
336 193
746 531
679 579
285 443
288 405
158 442
434 242
808 116
334 750
564 864
324 757
329 479
669 550
588 734
697 786
8 142
225 130
280 803
634 548
917 63
476 889
342 786
508 660
25 951
575 684
891 81
499 34
172 792
566 637
244 69
221 18
724 773
51 879
411 704
226 221
862 627
651 827
898 875
299 55
958 946
854 73
507 636
616 511
989 325
94 623
883 602
125 400
383 820
996 979
802 20
739 896
980 991
904 860
100 525
261 655
319 34
139 253
892 864
130 846
696 574
899 797
641 198
124 380
350 362
747 932
31 405
411 241
920 790
32 791
372 274
764 992
704 964
827 496
42 390
958 587
316 789
47 272
560 652
801 602
106 737
475 599
206 846
473 352
135 698
345 256
442 168
608 397
298 708
662 937
861 680
46 44
477 115
528 391
942 829
581 790
739 121
631 823
154 802
384 424
548 878
712 781
402 551
445 310
410 996
437 195
933 827
762 356
421 233
132 408
874 462
57 578
786 419
75 996
699 733
945 228
278 236
83 573
742 692
755 588
214 920
644 597
482 670
783 361
101 657
485 282
701 184
705 242
174 649
588 940
711 115
255 190
909 389
670 328
952 101
935 850
394 324
97 50
719 872
316 917
1 129
393 437
670 999
781 537
59 250
796 39
817 627
811 871
867 416
125 887
231 109
82 475
168 618
599 901
828 477
727 1
902 57
929 911
873 347
566 925
236 929
258 358
871 458
676 466
883 250
578 686
550 777
844 757
940 409
247 301
617 333
597 128
49 56
109 773
808 137
37 509
977 312
964 597
191 873
636 913
614 55
480 723
303 864
31 370
427 839
221 196
694 474
133 103
901 515
673 733
689 567
580 157
293 905
522 277
231 398
780 668
858 195
307 295
498 344
388 605
203 512
147 410
867 247
176 91
571 191
523 925
426 770
274 992
410 784
571 803
752 595
885 687
681 606
297 456
357 759
525 851
216 169
29 77
213 515
867 423
629 735
428 193
913 193
844 557
258 229
567 229
990 369
899 764
38 324
1 870
736 845
428 160
518 265
370 21
691 39
71 972
273 54
19 458
268 902
833 439
233 671
442 865
360 650
798 544
251 39
686 468
620 197
367 424
679 585
138 107
20 961
478 93
503 741
656 990
551 274
554 153
450 620
623 251
310 996
179 908
281 859
315 685
807 860
675 239
933 755
939 358
984 100
42 29
962 141
645 37
747 164
71 858
292 60
569 725
213 920
790 371
389 440
647 519
565 490
252 435
619 169
31 256
731 4
614 539
314 383
471 482
372 0
174 727
87 675
428 349
24 379
728 469
546 182
431 621
876 632
53 733
975 150
888 750
21 267
632 995
686 319
276 384
791 465
500 620
95 233
916 824
987 939
419 925
201 402
804 842
194 487
227 984
403 418
870 377
503 917
714 284
19 178
511 943
284 431
708 426
202 417
475 849
419 656
14 698
147 250
764 968
238 900
294 625
955 7
438 246
859 272
481 822
524 133
705 853
738 203
390 744
677 299
313 307
86 811
945 509
183 908
516 308
783 792
660 77
86 27
363 392
56 26
898 523
675 491
692 315
87 434
480 56
933 255
591 282
135 407
892 532
98 881
305 619
887 866
751 338
257 898
970 642
192 605
44 537
505 436
755 191
740 393
755 438
32 731
118 324
6 127
448 610
333 941
706 281
142 332
512 500
351 393
494 632
378 55
193 481
652 411
517 262
735 969
642 365
184 632
655 647
542 590
930 488
130 685
430 507
157 87
462 587
494 409
560 731
989 791
316 6
315 142
519 978
879 48
86 255
39 494
835 682
356 450
848 411
859 118
617 355
184 912
97 956
329 814
824 479
691 279
646 843
703 392
971 78
996 168
991 285
281 51
933 882
258 124
535 190
827 30
426 510
278 709
866 326
617 673
886 468
963 191
787 493
908 226
626 142
131 206
832 414
227 72
454 290
617 388
170 594
192 704
488 684
728 559
581 525
296 682
993 31
821 502
642 283
468 360
302 634
22 190
162 96
351 415
246 7
399 385
750 772
245 230
144 792
678 473
778 574
406 801
386 643
488 186
345 163
763 532
137 481
524 919
818 88
806 647
491 246
106 496
637 260
120 327
233 799
411 372
332 708
415 984
443 246
465 73
18 548
492 208
246 204
593 451
703 322
804 623
856 148
140 495
415 597
367 962
487 441
349 490
808 427
984 312
692 737
103 63
715 183
366 169
468 728
270 143
80 429
552 452
465 814
165 163
198 182
882 549
623 629
967 59
348 458
824 44
638 727
523 414
997 856
415 640
943 340
308 423
610 984
966 166
914 211
194 536
873 763
168 384
113 455
638 560
64 219
117 943
404 429
396 482
97 497
590 365
42 560
992 97
313 336
810 232
25 27
844 495
345 271
496 931
612 469
529 701
392 237
981 620
271 125
290 515
614 494
998 826
638 953
158 186
694 2
967 343
393 4
488 871
449 382
79 128
50 326
281 95
371 664
428 204
294 50
795 369
402 824
406 73
781 362
408 942
889 981
728 190
403 989
832 563
172 67
687 533
962 595
662 644
59 508
961 843
391 699
63 859
340 376
864 988
674 299
161 201
645 947
797 847
947 835
682 743
314 582
522 548
631 893
872 609
903 641
378 853
291 517
510 8
393 658
266 366
123 539
555 388
651 574
7 953
714 509
185 457
526 870
661 520
666 8
236 92
463 819
451 139
444 422
264 821
510 194
314 561
657 512
604 314
358 347
895 697
761 675
791 841
756 42
423 90
398 881
11 318
404 253
837 594
13 611
434 427
932 762
72 481
566 895
397 359
158 98
875 863
1 122
549 367
997 845
861 254
185 816
197 518
599 545
456 995
542 31
326 164
172 713
741 510
601 371
357 390
197 536
466 552
477 807
464 55
471 375
58 397
329 542
370 231
216 227
112 117
525 654
67 313
899 112
986 989
241 413
791 322
312 390
752 388
631 552
874 609
201 823
479 935
108 14
956 169
22 962
847 588
176 382
959 626
641 852
810 983
983 128
867 15
954 980
24 956
890 716
187 991
280 307
398 989
372 953
891 476
970 3
684 68
894 387
172 20
592 735
807 844
701 203
526 986
490 589
39 324
610 590
732 639
276 811
306 346
942 597
586 366
281 526
392 997
976 405
46 554
734 249
145 869
298 509
768 808
959 805
287 991
95 751
227 523
481 643
85 843
678 203
985 739
489 184
653 134
376 44
533 645
845 113
174 20
381 995
229 967
578 510
972 694
3 177
759 953
682 709
796 88
179 408
459 584
976 374
334 199
481 467
435 993
54 81
762 958
93 862
934 588
462 410
907 860
585 942
544 461
198 593
127 19
71 832
530 522
637 453
166 906
242 952
253 380
885 384
708 320
230 733
569 228
745 346
81 148
665 362
270 50
595 963
859 299
811 309
704 379
816 959
346 576
67 455
276 599
311 675
862 213
896 870
368 194
994 405
671 762
663 845
395 48
807 862
507 619
609 966
75 367
19 54
271 633
396 262
174 874
125 631
19 546
78 931
888 845
162 205
304 334
53 828
950 681
187 96
996 732
388 51
473 242
991 833
956 535
80 736
891 930
850 414
321 925
803 399
273 998
649 526
829 32
259 532
351 58
801 58
736 613
675 642
676 540
564 219
637 852
129 831
42 345
579 604
999 148
532 134
585 653
821 230
895 355
307 682
871 267
588 533
745 194
504 464
353 652
826 689
987 100
359 879
376 704
848 919
688 712
12 959
209 497
416 943
134 913
252 148
286 37
621 788
521 594
450 71
285 651
861 959
116 941
251 808
238 9
481 645
396 119
660 637
228 599
620 955
726 963
692 876
166 14
632 29
428 636
453 430
946 399
785 608
452 279
927 570
508 36
249 402
981 881
104 764
668 265
970 731
768 827
997 258
678 509
18 102
685 499
720 593
521 391
502 85
523 891
375 304
190 958
218 895
940 161
846 913
79 464
924 70
339 378
806 846
746 492
89 488
876 551
334 925
337 304
692 364
458 764
370 531
159 544
570 287
461 633
555 392
259 181
34 294
133 203
143 728
94 767
98 585
782 849
254 299
755 806
471 91
585 244
388 208
776 385
473 542
876 764
463 229
440 386
348 202
419 619
635 743
270 539
324 335
424 177
365 808
134 666
668 120
758 783
694 513
899 391
820 725
172 968
102 450
651 838
617 759
170 823
696 836
571 605
627 542
586 945
729 200
176 851
949 892
641 790
635 19
23 369
386 881
126 333
620 282
607 198
156 974
379 282
101 122
423 908
356 420
97 279
555 509
262 63
173 533
873 21
64 5
717 276
164 977
710 85
2 383
754 425
826 277
196 958
224 531
603 546
244 121
13 375
153 712
501 909
298 664
741 607
379 603
342 137
168 158
554 504
755 951
837 307
798 175
205 682
778 714
335 592
782 155
475 187
557 821
299 829
394 107
440 517
587 184
582 740
370 533
151 229
944 220
72 332
135 779
6 791
639 331
449 434
29 597
779 602
712 163
548 746
761 804
117 254
275 248
353 873
932 231
915 213
566 888
511 178
507 985
954 276
570 492
847 679
929 387
759 196
41 239
490 69
610 390
59 232
478 707
957 363
362 967
169 689
455 533
254 689
633 614
863 966
762 628
157 977
625 374
370 955
747 346
1 434
553 657
656 333
574 997
142 928
808 448
695 291
100 647
829 708
216 304
338 25
354 813
883 297
937 462
182 584
246 951
664 875
714 172
686 754
388 75
206 493
913 716
533 290
219 439
711 282
506 585
846 901
882 796
302 668
918 483
286 372
570 539
774 985
345 444
910 237
754 520
764 577
516 471
403 483
62 584
355 199
871 412
734 785
1 483
76 400
274 822
75 325
654 151
675 818
419 294
132 321
262 374
728 650
319 707
961 23
165 673
267 654
722 732
851 647
339 836
325 911
457 196
986 80
841 636
821 752
639 44
683 334
942 491
225 804
548 232
462 366
364 640
989 242
310 190
807 579
136 87
518 712
446 635
226 688
324 128
457 763
779 24
139 342
4 137
283 22
150 431
82 659
854 175
404 514
996 767
501 324
950 648
234 438
746 355
410 595
848 469
210 630
555 551
437 69
513 559
925 641
749 4
11 5
792 113
762 962
425 534
909 643
46 621
401 84
709 85
815 344
727 529
405 322
855 980
471 513
411 535
896 140
842 640
496 313
275 528
694 39
272 458
669 924
865 965
920 442
822 679
283 614
339 169
775 638
46 435
525 245
714 949
833 267
632 907
0 664
630 929
668 480
50 165
962 117
256 223
749 733
553 331
560 235
891 839
360 799
285 633
550 439
639 540
592 582
118 978
15 82
371 893
934 517
804 692
770 775
962 738
138 166
175 836
990 692
286 830
395 809
957 632
68 963
521 75
808 731
242 751
316 124
270 931
709 846
260 602
307 654
42 134
50 250
389 391
895 72
294 923
273 302
290 490
731 248
590 603
972 684
557 111
445 811
278 926
592 963
953 927
695 750
705 617
636 139
964 748
125 599
332 174
417 816
374 37
235 330
761 326
263 165
662 806
588 296
263 516
247 109
58 233
696 750
257 892
951 605
664 105
865 577
228 934
236 795
518 356
446 559
701 248
227 809
389 421
579 586
929 380
302 566
98 938
929 75
75 647
976 960
811 954
529 633
225 45
679 552
658 714
468 919
749 216
72 830
261 174
649 886
221 310
457 853
653 39
263 224
571 430
316 42
905 151
386 433
260 638
413 402
720 236
507 331
784 452
251 830
56 273
820 131
137 606
201 583
598 499
992 470
348 981
202 797
836 731
379 369
134 885
51 968
35 83
878 693
848 71
61 235
93 790
902 922
970 950
974 654
808 411
405 578
227 736
630 119
80 412
974 366
597 532
204 564
901 892
857 841
363 490
843 797
101 667
683 354
617 989
304 736
38 945
791 801
784 51
109 532
397 325
90 951
342 713
72 422
489 885
107 710
915 970
274 285
117 946
394 834
354 651
421 920
128 457
430 927
947 478
962 442
289 673
436 807
501 796
99 950
536 792
658 603
125 845
569 302
168 230
873 613
881 344
179 460
789 289
281 769
827 89
419 615
67 972
199 111
914 209
601 384
891 597
954 144
459 219
90 827
559 355
910 137
173 268
254 737
471 158
79 254
911 452
661 741
335 563
156 791
366 892
25 246
852 599
205 273
586 496
122 88
633 464
856 583
98 890
785 524
960 873
847 356
296 599
775 940
286 632
137 630
941 851
469 329
625 508
604 301
233 378
590 880
737 863
254 312
773 506
541 724
351 162
745 233
334 676
813 725
424 37
340 51
656 199
498 192
90 63
755 305
949 135
120 201
351 660
590 871
599 298
160 272
273 635
236 677
282 99
144 815
387 781
114 695
5 481
919 499
63 558
605 750
884 386
83 306
729 463
201 825
588 313
969 423
283 319
731 60
131 584
67 144
49 681
585 444
96 800
955 704
789 388
637 70
518 404
169 744
714 573
764 657
134 378
269 438
400 923
945 574
319 75
136 989
393 666
711 959
324 745
80 58
592 132
613 92
871 784
658 129
166 684
425 970
70 260
131 260
91 620
779 369
934 429
421 723
713 228
38 241
399 469
578 391
81 307
265 373
361 325
985 51
50 275
769 235
848 64
984 150
636 790
304 911
220 346
763 270
18 553
790 486
107 694
575 693
84 642
262 157
334 152
878 418
666 718
727 123
212 336
191 207
476 159
101 670
76 576
472 240
897 953
532 913
665 460
325 167
789 822
858 743
314 979
953 920
447 967
168 107
313 174
132 575
372 93
638 211
2 502
487 10
46 413
396 761
728 278
431 392
360 226
976 554
371 101
263 355
514 739
724 267
759 728
435 992
27 130
928 569
45 112
660 823
716 304
801 50
769 936
496 663
782 349
749 412
910 891
567 993
811 73
250 140
842 384
81 508
939 333
505 328
500 405
784 96
819 72
126 559
810 229
260 65
355 425
475 344
136 882
318 277
482 617
917 562
389 311
818 139
981 671
305 859
131 270
28 409
858 531
892 466
96 449
924 352
574 312
678 740
792 75
335 566
660 755
671 607
143 200
455 329
536 132
595 878
200 823
852 715
58 244
977 936
445 768
408 597
282 191
55 551
53 721
598 831
13 617
285 847
167 453
368 271
695 363
553 403
568 75
109 569
530 198
539 65
768 525
624 559
309 319
228 892
733 166
202 408
529 754
826 312
451 472
964 746
656 179
963 409
57 532
22 15
3 193
8 917
416 921
875 871
93 316
400 714
836 438
588 382
693 517
311 795
604 112
446 546
881 97
854 316
263 615
678 860
124 660
698 646
932 337
979 5
301 155
333 163
97 448
669 723
902 358
836 285
22 19
322 718
478 740
343 125
591 693
265 772
729 957
41 853
163 295
401 598
680 524
650 919
368 231
347 521
153 229
216 141
221 379
566 582
447 910
131 106
246 284
696 139
506 250
203 986
382 517
431 427
867 692
245 493
120 537
379 302
791 189
952 874
626 995
629 454
849 352
448 764
724 571
17 620
129 107
970 980
310 706
789 946
700 454
702 502
708 552
51 35
765 772
490 699
950 661
244 111
295 621
412 312
940 391
139 660
502 888
365 214
31 672
404 944
449 523
450 232
320 791
758 464
518 637
29 274
327 262
537 890
65 773
516 97
41 352
381 885
804 458
832 617
267 865
76 263
489 169
613 148
774 556
729 670
807 309
705 265
246 257
538 320
993 173
0 197
397 975
917 12
529 358
757 445
264 257
79 217
696 595
35 578
665 461
399 288
280 550
704 304
137 276
6 344
894 947
150 565
23 500
31 860
66 974
485 413
529 114
956 404
554 297
434 306
756 663
927 825
698 374
998 45
317 56
104 299
290 277
420 355
948 515
423 84
609 267
803 199
719 233
630 331
611 200
246 807
838 313
539 507
33 575
197 471
632 161
942 494
299 995
141 849
346 636
807 376
41 64
276 206
303 902
885 987
129 60
109 830
299 484
998 628
170 803
742 730
951 198
401 753
65 611
446 48
917 856
555 578
72 704
686 783
786 28
930 248
136 296
86 478
135 366
368 329
386 541
849 91
42 21
969 612
515 990
509 367
25 55
835 12
869 50
793 969
156 723
810 347
979 4
632 798
417 831
406 908
30 545
269 350
82 924
750 780
353 669
139 176
397 643
537 363
195 251
211 388
45 706
907 542
804 463
20 856
277 756
297 753
275 546
543 233
375 272
502 71
346 77
95 377
539 177
333 377
681 758
528 434
921 789
851 481
139 915
159 287
352 48
216 991
882 223
889 563
219 328
821 288
956 520
152 580
370 807
721 45
270 351
294 241
320 285
647 320
39 479
354 15
476 593
498 375
564 101
735 180
157 30
4 303
531 1
663 499
751 108
292 558
198 496
599 165
251 919
570 926
951 495
814 981
675 291
125 785
962 517
659 506
317 709
157 529
533 176
638 660
666 649
281 803
862 846
609 756
369 974
957 178
776 643
56 213
105 7
967 798
352 603
491 676
601 835
85 288
175 389
20 46
162 398
1 605
229 373
9 243
600 804
335 764
883 173
947 165
433 205
788 343
464 567
218 730
469 520
534 592
100 819
61 684
817 693
823 531
845 112
319 65
279 156
968 511
956 471
132 108
999 660
453 173
278 688
401 155
411 346
527 952
251 380
885 527
326 744
136 564
581 603
527 297
557 885
37 647
264 243
20 304
809 298
519 132
0 464
573 871
761 905
810 999
244 322
720 851
831 122
77 209
903 633
583 132
344 212
96 505
34 943
121 286
887 364
459 189
752 937
298 199
852 228
317 981
504 587
470 757
523 109
306 359
641 343
698 880
183 537
866 195
104 129
434 930
738 750
71 781
530 391
92 650
474 439
55 807
961 631
637 103
55 461
458 477
564 569
243 124
662 654
710 293
883 977
721 847
728 239
377 504
993 40
34 281
757 863
682 158
365 2
25 143
729 738
748 975
405 864
525 337
506 536
169 431
364 755
932 56
259 434
127 293
215 837
706 718
910 931
630 457
317 434
746 220
430 912
316 889
511 108
79 195
961 966
604 305
162 986
46 696
933 178
59 266
255 387
651 163
287 158
918 85
251 2
5 472
887 415
737 329
569 269
701 298
149 608
248 934
847 915
892 208
168 263
613 204
840 829
122 959
902 570
142 563
821 80
45 504
502 32
226 332
593 705
915 504
561 369
333 991
308 356
923 156
139 715
507 155
79 564
957 967
266 696
42 674
986 384
926 707
568 439
458 148
220 776
663 581
612 949
472 707
198 1
469 213
97 641
103 465
920 417
439 780
297 336
186 988
859 350
798 465
999 152
866 6
163 283
476 976
47 702
561 96
696 545
121 708
518 180
366 987
497 614
866 454
851 73
350 478
899 918
989 437
543 418
209 626
199 545
573 6
12 984
301 618
458 503
126 835
249 719
841 420
679 763
664 350
307 330
514 868
847 936
967 860
300 104
155 604
903 480
177 643
175 900
594 329
656 626
469 464
230 174
144 752
651 267
420 996
703 529
527 554
442 619
960 608
643 487
916 504
322 375
752 465
445 162
976 259
26 216
990 813
669 663
265 744
999 958
445 47
688 979
619 559
776 389
152 464
246 75
37 820
730 206
651 655
943 197
310 647
58 989
548 659
891 369
132 101
932 179
870 294
478 81
793 115
855 659
542 877
636 666
626 434
371 205
236 643
89 821
309 126
503 175
634 392
622 790
500 431
363 720
724 924
922 606
572 118
98 576
363 226
174 432
642 897
192 487
245 381
179 28
98 241
804 255
208 26
569 722
295 382
956 886
911 593
135 5
464 765
629 255
224 460
808 370
867 740
18 12
120 22
834 731
675 480
568 732
381 13
171 739
755 336
91 810
606 910
932 310
185 146
855 189
192 666
209 548
364 13
883 154
233 664
592 819
392 143
846 57
676 965
696 602
689 335
289 66
52 634
825 976
387 758
873 903
21 890
527 403
981 495
708 440
679 669
505 736
135 443
123 772
916 180
779 305
341 88
550 972
846 229
902 320
459 77
302 460
88 204
502 825
882 778
25 822
469 501
52 967
691 643
703 736
963 242
5 260
324 692
582 528
150 439
553 712
373 389
103 839
608 272
879 517
841 802
249 145
967 873
670 315
682 70
254 845
726 278
957 345
572 962
732 947
87 747
343 859
651 51
717 971
253 174
796 921
7 570
158 723
485 391
80 383
278 711
404 894
579 348
575 196
842 117
708 76
70 662
659 956
311 147
750 726
903 478
342 279
833 866
384 460
491 714
341 172
94 760
898 281
865 769
630 367
64 639
360 190
23 94
31 845
684 836
166 452
147 178
785 807
197 498
319 343
696 697
330 359
556 826
785 981
554 541
563 959
684 125
656 276
321 261
486 960
987 145
967 312
531 553
994 190
936 862
147 264
663 587
903 861
58 534
519 128
835 234
907 70
822 825
379 395
758 325
236 370
484 982
366 480
513 525
603 375
775 919
354 509
168 501
281 711
497 149
59 146
459 371
934 450
390 570
43 928
977 382
861 15
530 765
530 763
621 820
149 228
355 717
824 490
357 174
126 481
234 238
92 775
357 545
566 308
964 343
664 43
800 624
932 952
133 687
655 591
637 75
572 378
943 103
726 906
139 801
183 567
693 466
855 772
736 580
828 801
755 195
562 347
979 424
152 284
612 763
367 925
27 747
180 866
996 125
201 306
8 223
97 36
134 41
113 945
115 80
161 474
525 599
534 492
464 890
302 153
949 378
10 417
778 352
226 234
302 912
52 251
931 436
703 104
566 742
736 51
780 761
592 882
668 336
916 292
429 611
635 581
935 306
690 678
213 854
227 212
762 368
410 225
470 502
797 104
161 617
11 906
36 681
176 740
731 584
634 347
861 784
517 669
765 350
922 321
811 458
138 454
636 280
748 97
271 797
425 464
410 290
959 112
182 435
832 800
587 376
656 605
821 699
332 970
121 557
607 840
488 800
767 489
976 533
67 662
384 47
129 450
174 418
296 662
408 802
549 15
723 607
141 258
376 871
574 423
222 634
347 976
687 73
814 624
154 471
553 463
233 40
447 715
471 41
573 932
430 404
312 549
835 553
204 946
293 846
154 389
413 606
620 483
658 233
347 665
640 801
588 89
418 342
857 258
126 401
408 678
406 499
971 402
875 382
994 902
284 171
174 237
381 149
439 316
387 269
560 172
558 811
87 502
633 784
983 337
864 887
418 861
246 793
404 616
241 756
753 877
83 910
776 486
318 489
815 424
137 642
856 892
975 311
56 988
456 691
304 897
770 627
316 2
714 526
0 592
674 417
20 167
521 88
271 715
210 397
109 214
945 559
834 807
224 513
175 432
954 391
698 954
591 50
79 747
811 563
761 114
749 768
664 951
465 23
784 748
372 589
968 303
371 660
920 553
681 67
636 681
64 404
158 70
437 820
868 646
12 552
374 563
254 613
826 559
667 222
376 616
909 666
845 232
859 166
545 481
622 530
547 134
692 6
719 512
19 95
499 815
29 286
198 603
412 838
515 835
475 516
190 210
815 58
177 681
681 600
26 76
699 535
827 132
303 628
121 382
130 313
900 489
473 273
435 872
353 719
611 323
739 166
947 682
579 10
534 667
75 622
519 923
136 954
185 303
471 703
872 917
168 482
528 176
399 112
32 294
972 334
350 848
751 894
996 138
117 902
675 408
244 84
871 369
560 40
521 821
488 251
478 139
933 578
557 261
84 424
490 653
786 112
252 701
633 388
678 771
93 523
875 174
801 639
208 290
547 471
157 243
268 416
890 803
852 699
613 279
844 43
370 601
491 199
540 657
224 757
495 514
429 457
174 186
942 110
706 27
911 861
680 137
694 860
530 244
852 443
51 869
857 211
57 340
145 198
508 186
846 685
119 639
198 624
326 270
81 980
17 302
611 917
545 564
935 561
69 209
497 187
274 850
153 939
582 763
105 362
743 178
433 761
490 913
101 93
427 5
464 420
876 417
431 561
518 514
912 37
752 342
586 996
782 714
407 317
72 357
846 743
466 211
217 677
585 494
818 444
902 872
820 674
444 870
95 43
851 794
125 933
392 39
853 839
898 526
441 540
40 422
782 809
750 661
170 671
465 734
791 752
131 905
1 500
960 188
883 492
823 413
81 858
598 357
368 768
662 501
528 750
316 420
4 298
216 928
74 873
826 894
718 765
503 121
497 910
54 221
826 234
90 145
374 578
131 718
215 220
280 566
934 434
863 174
807 413
789 963
564 707
483 206
196 539
940 419
616 165
37 684
286 49
593 635
655 374
216 607
61 752
892 127
896 101
391 919
896 220
501 358
371 157
608 528
19 48
735 869
198 909
240 491
658 294
930 473
569 503
181 669
138 751
824 190
337 911
287 668
156 258
193 342
502 54
914 874
529 241
451 811
201 478
305 795
61 733
31 789
722 741
799 548
725 687
702 98
810 401
240 416
155 185
111 78
451 676
412 337
92 228
119 800
859 270
915 106
369 256
302 878
419 363
95 325
716 518
907 948
859 165
836 522
944 942
355 600
591 273
183 978
81 976
97 166
160 486
877 819
708 276
42 662
210 844
984 142
251 705
797 773
447 88
666 820
460 74
828 435
141 494
526 520
747 590
777 754
846 316
730 779
702 177
101 363
170 731
292 574
9 573
157 694
270 76
513 711
650 35
164 214
455 550
545 463
58 494
872 664
122 199
200 876
217 458
244 376
185 18
843 19
550 348
116 895
327 675
125 470
570 226
835 616
892 313
278 816
855 995
717 955
390 66
387 563
616 295
988 237
499 216
963 476
80 996
909 164
212 94
350 174
897 336
215 743
375 874
475 250
829 880
530 594
245 304
354 302
237 221
700 739
401 722
313 438
455 693
76 563
93 592
344 72
983 380
219 458
38 635
132 565
50 730
200 183
712 502
614 24
814 311
278 854
602 648
785 43
258 90
63 787
147 732
185 550
159 311
647 570
984 368
799 605
36 286
969 758
924 258
473 46
885 178
39 957
587 340
113 983
689 675
749 464
908 737
514 562
147 161
655 528
291 421
658 95
15 623
285 253
923 1
29 425
741 199
853 62
397 374
691 909
507 453
641 28
747 329
971 500
870 49
218 57
694 618
262 229
584 667
916 611
464 593
63 98
156 928
21 254
537 216
172 302
860 209
883 408
7 253
411 998
749 76
234 395
371 443
132 298
127 65
937 709
211 741
332 380
508 664
922 629
386 626
206 965
341 983
831 704
969 717
978 425
654 584
761 342
913 714
321 557
997 164
201 453
843 223
440 149
987 322
422 567
270 478
583 142
545 391
657 710
807 615
462 727
644 648
531 732
235 673
13 414
693 258
111 42
49 8
415 772
584 767
478 719
304 462
231 381
365 641
39 360
877 310
373 84
484 93
344 35
993 681
517 933
519 70
116 202
70 504
894 386
292 723
586 965
753 989
406 794
775 872
941 705
762 691
828 220
12 980
303 650
784 573
780 56
128 500
718 865
603 374
327 238
733 768
738 185
217 438
843 448
209 389
317 415
568 738
713 133
106 751
798 337
536 661
457 529
321 83
70 289
718 547
183 222
817 800
352 540
201 90
219 902
764 524
320 541
550 761
2 214
684 962
249 909
433 407
526 217
289 441
352 656
588 308
967 800
885 208
77 586
585 604
722 394
365 402
264 432
223 656
950 762
741 431
604 979
205 248
800 441
125 175
294 810
811 604
307 974
495 171
839 821
178 746
249 588
256 845
123 991
994 756
814 75
843 889
672 862
981 80
638 676
478 449
395 462
280 136
645 272
28 196
320 758
526 630
268 958
83 823
72 653
459 529
877 392
909 424
668 93
554 483
924 504
939 172
966 472
84 176
453 984
975 379
604 299
401 935
806 493
884 554
302 512
140 965
647 895
350 928
643 862
152 232
161 883
220 763
788 109
594 401
531 918
831 682
527 268
993 938
607 978
164 321
783 443
990 477
418 907
547 380
253 73
994 787
539 217
384 704
146 125
874 652
92 159
594 939
146 912
649 483
552 252
926 694
266 763
222 989
856 335
615 572
26 23
560 440
532 608
318 95
487 526
865 355
395 381
955 713
371 170
283 987
490 360
973 927
440 676
517 735
536 864
927 476
241 549
244 847
303 548
147 117
937 323
198 562
403 397
851 852
916 919
306 33
778 692
984 14
760 614
461 743
343 405
268 44
351 292
377 527
697 652
798 660
719 331
735 299
636 863
789 385
356 307
384 320
285 613
687 484
392 848
150 53
677 256
79 544
908 773
191 479
922 421
383 812
999 229
689 735
622 711
162 116
914 817
475 100
310 291
228 963
889 336
592 707
235 429
277 664
633 93
96 247
776 608
123 881
765 826
166 924
60 873
703 785
14 663
183 74
713 493
67 692
130 640
184 760
38 296
800 821
227 695
73 926
319 107
361 472
416 443
422 778
987 271
821 928
240 119
67 886
255 843
301 642
19 107
687 899
461 848
145 115
622 476
499 67
263 207
977 937
843 513
83 1
192 359
677 371
576 339
52 786
973 264
9 63
622 496
785 543
34 886
858 31
393 680
279 269
720 78
636 442
793 503
503 932
406 644
166 682
360 200
950 180
703 842
255 301
290 233
584 180
448 885
46 419
796 645
507 491
76 868
331 342
477 640
321 704
303 830
416 621
972 712
372 864
947 704
304 349
815 20
311 551
498 569
374 943
942 775
147 370
817 234
630 178
83 591
410 766
697 670
752 179
648 394
690 702
554 818
235 269
924 67
630 652
350 487
557 882
102 795
126 696
748 523
38 309
188 791
732 612
932 361
685 683
8 747
248 642
495 815
408 855
645 685
921 498
756 197
536 335
153 403
978 541
391 778
719 261
777 851
590 988
922 687
238 472
338 112
923 627
386 847
530 746
517 85
935 685
123 101
694 130
347 747
710 884
317 501
45 88
74 99
832 715
201 389
264 282
317 443
594 370
840 136
321 269
876 322
858 665
774 3
588 780
436 668
211 94
720 346
812 467
533 715
668 104
377 989
963 926
891 640
354 720
697 246
151 766
439 364
757 501
5 777
24 796
72 108
134 25
646 983
139 808
150 921
258 272
149 576
951 779
751 69
972 388
181 624
909 443
235 113
565 539
210 794
559 791
143 912
652 705
841 677
957 75
11 865
406 149
353 239
908 336
52 712
407 163
703 126
776 563
205 650
647 167
59 308
310 237
25 201
586 685
667 649
408 643
358 636
258 707
765 358
138 544
193 457
809 579
855 22
700 864
724 180
54 546
911 869
982 454
236 879
61 612
480 410
572 484
602 644
366 529
194 6
28 862
863 995
143 263
987 451
720 235
348 409
497 154
213 372
120 846
391 562
427 384
747 204
270 624
516 184
661 629
622 296
271 655
725 636
522 940
452 896
848 74
879 80
13 218
28 336
545 536
683 4
96 683
933 224
891 303
445 953
491 208
464 688
584 422
121 372
582 280
95 593
640 113
431 953
427 74
223 70
419 677
732 967
906 171
816 407
169 997
271 352
723 727
450 754
382 245
871 879
519 854
627 804
830 179
507 965
293 888
910 726
685 600
710 511
259 789
521 801
113 117
784 338
530 154
388 636
167 423
468 587
699 666
130 952
246 848
568 782
345 575
458 982
673 424
748 978
826 704
515 762
84 295
459 964
385 133
809 452
835 819
673 874
556 380
78 171
709 316
780 673
862 41
629 231
109 552
831 413
930 276
371 599
837 683
394 40
411 9
171 850
216 178
508 225
542 282
164 623
702 277
917 609
891 400
272 739
221 56
935 725
580 450
205 665
575 769
681 74
608 844
798 101
495 54
369 986
755 589
63 163
964 195
752 852
444 23
552 909
716 479
43 390
50 306
623 104
498 850
789 32
926 407
615 644
69 646
102 237
284 888
970 96
647 361
412 99
957 725
977 370
362 863
745 998
546 184
4 377
976 805
505 310
729 255
945 415
351 526
421 40
557 145
304 942
803 847
964 397
426 166
1 679
37 184
246 890
61 608
188 905
374 150
75 690
516 723
71 668
216 308
203 458
917 492
555 747
898 854
182 334
47 604
369 79
570 473
507 999
681 333
708 578
156 719
109 865
642 382
542 254
703 593
154 643
773 90
117 84
16 939
632 6
275 435
402 52
320 370
907 810
249 222
123 715
132 749
979 862
823 568
772 101
215 985
664 590
438 880
739 667
13 425
813 559
744 973
836 798
742 241
408 210
300 721
480 275
538 344
162 136
565 210
65 545
762 601
601 92
87 556
43 117
889 547
401 253
247 310
533 667
640 457
804 949
254 775
539 898
987 762
903 759
973 299
8 140
15 311
950 316
812 989
372 612
626 400
532 166
273 523
358 524
579 973
994 674
679 885
779 89
942 528
335 214
179 760
355 693
986 195
693 184
450 80
943 919
982 756
245 743
67 449
416 42
395 42
272 673
30 268
845 950
470 628
598 856
150 477
787 895
437 460
707 380
402 871
44 756
173 378
117 787
218 87
179 875
724 928
279 566
605 225
19 528
153 665
454 543
691 422
348 772
356 915
554 904
468 192
696 196
316 173
764 168
206 490
220 144
23 281
401 143
365 595
230 181
735 416
462 569
688 659
8 684
578 233
552 693
2 69
500 325
292 771
944 520
625 790
305 403
876 123
220 498
810 600
417 131
49 856
345 669
428 31
330 8
313 610
14 429
561 699
268 681
467 852
449 440
960 404
411 896
961 380
817 741
887 773
335 616
841 681
400 561
268 684
985 671
87 116
445 819
425 695
743 988
143 788
476 273
227 223
130 158
338 143
883 247
509 711
309 261
375 596
808 917
772 426
148 380
939 881
396 594
165 753
314 678
203 269
225 230
934 757
106 769
464 790
567 75
368 623
519 404
387 688
193 698
530 568
729 215
495 908
471 989
986 192
228 981
585 979
436 915
860 44
404 808
968 947
99 80
556 877
737 55
615 47
875 887
779 507
79 391
861 700
339 632
727 456
359 753
500 624
910 99
866 325
32 660
891 56
865 720
427 979
239 167
593 42
375 540
927 749
278 359
404 574
92 315
625 862
340 944
160 322
732 889
450 63
252 253
925 756
356 533
865 347
527 130
342 793
604 708
865 539
564 795
661 881
53 824
702 182
821 583
960 678
645 108
796 454
913 302
953 250
29 756
675 252
442 129
852 557
904 755
872 558
614 47
963 93
409 713
89 776
584 138
638 112
465 317
134 549
832 393
631 800
644 302
578 189
873 17
946 393
669 843
527 302
916 364
221 804
743 389
93 499
712 482
184 155
59 912
669 971
701 363
979 825
721 924
104 868
73 578
396 294
985 175
628 756
96 191
603 716
147 733
397 913
877 46
345 625
999 348
65 385
176 155
706 137
682 226
636 802
859 742
22 405
135 837
252 228
372 275
745 895
923 487
937 690
503 539
400 599
411 927
158 326
739 194
422 416
943 144
629 92
473 661
28 504
642 352
822 410
368 417
282 95
687 921
659 969
30 527
50 513
487 386
603 402
71 788
89 572
71 47
344 578
166 190
315 237
858 499
592 316
680 400
609 246
698 262
902 297
633 782
911 220
617 137
514 324
795 805
204 774
124 29
810 553
148 437
950 469
415 843
382 317
366 33
450 108
975 535
963 995
725 637
842 681
365 464
504 491
681 320
744 876
482 406
504 725
293 166
45 752
825 487
146 822
644 907
537 277
507 566
679 784
44 645
210 465
609 487
927 673
778 796
458 244
358 716
257 833
290 576
555 530
164 955
14 104
631 390
994 803
182 663
209 182
147 904
591 956
161 166
647 956
23 896
964 149
205 524
848 633
634 621
286 472
549 612
808 611
694 469
271 199
561 424
294 165
553 710
201 210
700 734
259 979
530 330
111 261
674 612
853 17
277 23
273 983
347 420
869 121
842 989
330 95
227 461
759 780
895 502
305 606
225 713
90 749
460 265
684 171
291 216
135 572
53 326
736 785
832 442
665 12
160 474
984 921
829 926
839 635
50 586
618 179
869 395
291 290
143 273
863 610
974 919
929 975
699 542
546 910
415 488
579 642
420 176
365 861
806 382
344 199
591 472
226 458
83 81
999 816
661 804
733 150
520 813
290 294
707 820
30 309
347 65
460 642
833 72
906 628
148 835
751 599
10 576
566 957
415 834
98 979
482 3
415 812
44 746
918 911
752 254
648 578
189 814
713 591
739 760
168 911
352 108
138 900
3 357
813 170
676 568
190 50
957 488
938 574
791 387
808 456
12 389
441 798
446 847
876 88
895 943
157 50
284 481
445 972
253 597
202 893
917 37
997 268
238 159
262 852
633 925
624 776
533 971
155 431
451 138
328 545
646 99
943 199
909 703
921 531
80 605
539 446
607 918
123 996
192 334
570 373
746 857
532 288
949 864
643 701
506 362
996 866
460 949
161 119
771 499
94 177
458 840
353 997
788 337
506 14
621 108
585 975
53 200
31 227
89 151
678 286
115 564
828 979
598 543
420 614
565 593
848 864
930 987
50 788
265 386
729 804
331 180
195 279
335 956
260 380
161 133
852 388
307 498
411 31
795 247
845 808
592 439
78 734
797 963
780 453
812 523
36 233
41 914
727 382
826 7
781 339
278 347
967 933
249 944
298 885
710 133
964 764
717 405
825 312
534 766
536 272
359 182
401 961
11 779
75 952
521 900
494 111
395 655
171 146
649 396
446 860
211 506
498 437
230 0
888 449
793 888
919 90
584 961
107 321
346 13
150 593
816 982
11 546
157 673
601 953
997 340
694 344
113 747
535 580
577 923
433 144
591 394
846 361
274 16
258 12
716 520
892 652
837 816
424 248
533 87
411 682
596 425
587 799
229 167
893 155
952 93
266 870
605 498
938 520
578 79
218 500
791 48
138 725
742 574
728 645
152 643
384 814
580 308
24 653
742 772
203 545
683 135
992 931
639 281
812 538
657 399
275 7
313 286
889 917
900 790
848 352
983 493
937 551
926 716
828 965
192 802
106 116
316 996
233 499
557 31
721 612
476 269
175 530
98 835
816 408
694 583
74 769
982 796
472 494
831 632
614 708
606 294
838 504
127 696
887 202
785 226
563 66
331 882
990 360
218 427
481 100
100 574
125 64
974 331
640 596
828 95
532 137
540 834
326 51
861 662
884 99
325 35
984 373
465 635
522 136
782 140
613 113
652 451
933 272
796 229
703 119
349 167
879 318
111 769
363 295
774 819
225 644
58 444
977 398
539 800
259 118
622 140
371 519
662 890
959 580
897 248
267 327
679 204
750 973
244 91
534 16
866 279
906 197
352 542
672 751
945 503
630 225
65 857
376 23
323 233
122 454
792 85
649 980
612 409
407 933
836 742
728 724
980 276
698 282
535 843
198 537
314 648
39 247
273 19
733 998
377 165
93 602
527 810
989 181
51 19
445 673
755 516
219 133
891 486
797 782
465 490
934 666
115 510
196 425
991 69
210 296
46 678
232 26
495 837
295 747
69 883
814 412
328 949
483 460
39 862
983 704
510 449
524 128
289 749
874 289
799 419
350 655
985 556
546 89
215 421
62 92
435 662
182 456
874 332
87 581
605 955
58 164
149 93
730 892
947 741
822 134
83 702
413 355
761 47
830 716
812 593
692 546
902 913
554 666
601 486
463 884
396 379
892 440
788 339
403 589
485 345
524 637
980 723
638 188
453 71
457 26
707 112
227 837
989 819
906 664
391 465
101 756
787 180
593 189
946 438
194 334
160 571
394 698
527 789
242 873
244 758
980 69
282 944
52 745
957 768
164 35
678 684
159 45
92 184
144 984
35 971
90 622
398 116
793 831
579 94
568 701
106 173
904 170
808 15
315 760
187 590
216 350
610 6
753 427
266 119
774 416
842 61
89 158
74 477
188 810
742 846
185 722
547 398
941 817
16 504
872 945
182 366
151 545
681 970
22 343
853 415
124 904
411 527
614 839
263 295
802 152
805 514
342 150
889 599
696 279
783 264
638 733
955 399
399 757
127 315
149 351
68 863
780 186
50 457
950 134
970 745
976 12
113 836
197 204
597 632
570 481
144 121
312 658
906 269
81 63
579 764
854 177
244 72
126 437
262 44
867 476
930 477
64 854
734 33
457 383
3 884
198 157
903 763
634 322
269 343
175 36
82 900
823 928
567 249
531 396
906 78
754 251
36 381
247 381
432 474
87 843
307 897
966 70
829 190
445 372
662 485
977 107
849 686
812 376
172 164
618 437
144 883
716 532
964 538
225 964
784 376
29 951
166 886
636 563
163 454
440 356
533 875
250 240
522 288
163 774
896 272
720 532
924 446
90 322
690 58
128 599
829 266
879 882
571 119
759 667
104 604
333 183
942 928
726 229
795 983
535 259
555 8
633 979
618 898
954 229
992 57
493 547
17 801
268 966
866 731
421 866
868 273
953 786
663 468
261 197
130 913
679 509
143 706
122 59
441 703
595 356
461 647
40 129
431 304
433 938
331 7
412 323
370 382
45 308
863 527
509 675
286 48
715 525
466 688
734 642
609 417
47 441
857 899
799 686
600 968
399 720
988 343
96 194
942 62
998 331
451 329
809 216
197 389
366 465
178 950
572 82
693 268
443 592
19 851
204 583
342 698
829 339
915 566
792 42
646 214
508 346
781 442
407 699
539 373
134 507
665 32
472 992
151 724
775 946
256 84
698 552
328 896
577 374
246 27
839 346
942 488
338 551
390 567
151 735
772 852
636 578
857 291
654 185
417 945
103 119
539 553
415 941
555 297
763 742
307 917
326 895
620 935
751 676
833 39
9 731
636 748
387 953
253 528
324 88
463 852
708 854
888 814
436 958
685 941
783 319
621 554
636 598
627 628
52 123
607 919
392 588
409 617
430 993
977 329
345 857
725 674
675 73
327 9
786 210
469 611
303 671
570 892
529 530
296 920
975 330
535 935
157 54
417 690
300 121
432 64
136 707
960 572
214 731
419 177
904 891
15 263
513 852
810 901
350 115
529 850
149 896
985 589
39 616
210 348
360 497
29 427
409 223
124 568
622 546
689 939
873 175
470 677
738 437
816 540
983 45
955 465
193 325
173 605
213 338
510 336
585 300
546 219
374 214
661 727
726 88
778 765
20 738
177 5
460 799
451 209
437 571
262 811
870 14
115 478
517 321
815 336
955 537
974 627
971 758
973 736
826 199
28 383
655 730
814 204
126 511
220 908
689 671
165 336
958 238
337 642
896 958
856 738
874 435
912 84
180 495
316 349
176 275
451 582
500 527
912 170
754 714
725 718
719 698
749 237
123 841
223 597
33 620
946 576
601 388
733 626
894 964
412 641
927 529
962 872
412 236
19 700
608 420
293 19
721 41
887 3
858 759
749 730
169 934
361 702
840 702
210 148
269 611
409 999
634 345
193 521
281 94
741 824
459 283
315 848
261 995
315 776
345 363
121 697
576 599
523 26
145 274
263 826
895 643
691 569
337 52
226 838
154 177
572 789
832 50
196 343
867 459
970 148
854 606
675 367
456 661
412 488
510 981
884 473
859 182
866 936
351 593
830 533
374 532
964 123
613 714
764 468
794 137
78 818
848 620
225 186
85 664
317 740
464 971
895 39
380 670
957 769
706 764
659 505
198 473
531 775
221 122
73 692
258 48
227 16
964 384
922 879
874 813
646 579
235 171
100 303
872 953
84 1
218 818
971 407
302 891
911 601
743 387
356 416
124 997
501 275
331 570
347 503
441 259
721 862
985 312
525 928
540 62
404 826
495 991
329 155
320 812
624 583
179 579
395 985
322 818
164 930
144 825
712 723
522 866
874 340
569 785
19 788
102 923
664 392
658 257
0 76
150 908
893 45
603 93
619 692
373 711
638 819
298 376
67 506
822 627
926 332
304 928
407 76
477 858
690 706
176 5
471 102
590 919
807 305
562 42
709 993
796 892
275 814
784 549
298 380
383 18
180 165
863 360
504 499
931 107
314 70
32 0
806 710
70 957
950 252
372 562
454 701
153 96
960 401
989 416
680 293
865 376
462 39
706 227
397 230
855 39
701 753
755 507
785 864
398 405
15 254
892 211
77 488
388 829
766 981
717 167
942 465
38 383
111 19
931 990
902 623
569 49
912 411
337 334
842 308
895 416
607 327
563 348
42 862
700 654
529 163
145 806
482 131
469 565
986 799
236 762
403 117
768 463
284 3
193 543
452 894
52 678
134 214
603 343
321 486
964 739
455 158
8 613
552 96
530 572
639 833
279 591
754 787
899 9
271 699
405 97
263 359
644 271
690 33
459 235
325 428
831 145
768 542
819 320
296 160
731 671
140 718
751 244
269 14
280 134
258 42
457 787
253 855
231 395
828 847
20 598
419 770
207 420
531 292
653 270
233 300
842 29
383 247
756 495
354 906
34 891
246 41
411 802
84 590
434 98
797 249
640 765
416 367
820 156
293 301
945 31
18 920
85 882
754 859
588 814
907 617
104 657
255 940
667 587
234 276
821 235
482 485
176 105
976 16
653 215
100 943
469 33
304 390
966 628
0 955
465 764
785 61
414 774
596 898
728 727
381 302
773 255
901 625
964 240
359 796
80 176
63 357
475 895
847 585
26 166
332 362
28 53
723 883
968 487
185 496
818 130
106 847
281 402
406 704
70 719
954 89
814 352
912 395
754 829
909 292
358 230
273 395
227 741
467 709
812 951
869 486
892 410
355 12
912 830
615 821
509 489
336 830
761 81
14 802
528 992
90 32
825 465
715 119
471 8
488 722
671 550
458 136
843 563
662 405
852 674
720 660
479 447
783 699
442 637
698 965
580 400
969 180
948 138
962 628
897 334
791 45
152 961
908 209
622 375
655 439
170 972
10 586
428 282
220 349
552 259
213 168
926 971
959 162
907 619
186 945
660 469
8 324
906 380
485 949
686 948
665 835
649 107
632 978
13 404
532 673
337 0
839 22
522 935
841 28
685 784
468 869
64 863
821 179
421 172
501 88
2 181
114 592
984 302
367 150
329 211
751 945
22 503
830 144
356 826
90 128
527 487
853 157
698 143
277 395
959 876
426 570
884 746
683 572
711 129
472 814
838 233
158 746
605 356
259 533
41 477
486 431
335 333
666 412
599 496
498 401
13 849
752 400
382 414
933 919
815 520
657 397
536 714
982 651
82 0
555 624
720 307
392 470
783 995
53 741
583 49
62 469
615 145
293 735
205 510
313 47
407 30
77 273
521 310
879 860
87 56
117 708
522 645
836 177
274 566
693 887
655 477
473 547
912 716
859 552
525 27
800 374
565 550
504 906
29 125
323 431
683 780
433 686
953 189
681 654
541 987
271 256
33 553
207 690
224 777
523 94
824 585
927 787
783 809
293 434
903 519
283 537
81 651
454 134
627 749
425 853
701 692
216 225
47 454
284 562
118 866
341 715
898 920
243 520
811 493
894 716
991 708
399 414
587 749
468 188
846 704
27 232
126 289
389 779
710 531
888 562
589 141
322 621
334 158
862 994
653 970
524 799
16 121
527 111
360 162
226 796
892 773
783 187
304 811
702 792
569 578
413 867
191 583
97 73
198 238
25 488
997 973
805 619
589 467
607 914
997 906
62 554
225 374
375 381
735 18
820 74
702 37
946 243
199 327
115 931
128 520
594 505
5 155
316 200
472 397
963 823
308 274
221 357
701 121
926 768
160 791
655 499
293 588
879 106
949 406
185 36
552 274
871 10
656 792
830 73
978 225
232 512
835 550
526 984
982 887
933 55
221 700
177 34
47 591
850 143
470 616
407 752
400 493
658 641
201 58
665 36
967 949
808 529
721 330
762 221
347 134
396 378
50 878
253 470
621 199
502 506
820 873
349 254
884 352
792 497
843 60
25 954
249 311
642 333
570 28
916 534
541 792
116 384
794 574
270 460
406 446
972 1
354 83
709 570
488 939
376 213
262 918
795 774
739 823
769 816
484 534
153 606
161 310
113 758
483 958
651 229
335 403
397 768
373 993
110 256
292 45
292 314
124 590
801 143
504 78
457 338
514 102
761 676
105 15
7 226
908 311
25 196
6 807
653 993
71 303
232 379
584 923
100 241
796 729
363 0
537 498
45 589
965 529
777 293
556 737
111 634
719 716
924 625
595 859
123 84
966 758
192 436
78 190
360 845
707 239
299 663
368 469
334 344
344 712
556 112
441 611
936 652
19 385
999 27
214 204
113 431
969 663
425 198
513 356
412 733
701 483
45 140
865 306
81 748
754 514
736 535
930 794
297 244
376 356
402 415
115 379
71 682
254 246
254 943
648 546
192 259
773 143
597 704
286 679
831 707
879 638
497 946
399 545
825 78
171 732
149 997
24 118
962 966
360 920
667 758
20 921
118 251
835 607
478 518
193 988
751 662
324 413
95 586
3 539
713 611
597 837
504 935
909 619
201 223
335 857
622 854
82 906
764 547
245 782
764 269
973 665
895 893
359 158
587 723
46 215
75 937
234 761
541 466
925 112
291 818
461 890
354 234
864 390
843 514
854 472
239 782
102 835
477 102
693 677
106 282
384 9
869 975
15 828
267 117
52 10
4 241
720 877
53 871
500 181
480 443
91 236
182 218
354 971
917 99
41 827
55 746
354 703
745 445
178 741
917 915
881 483
167 517
161 44
395 126
27 536
237 797
352 316
797 851
875 786
945 678
265 632
395 519
87 658
51 708
816 901
718 832
420 688
259 852
309 629
843 900
141 650
942 497
917 344
455 85
468 982
976 409
967 215
258 417
88 563
708 174
514 408
250 869
839 910
461 217
914 83
328 246
903 668
477 155
450 688
378 226
214 985
986 443
465 361
129 774
276 741
616 612
531 205
875 423
663 925
246 183
574 206
169 496
743 175
852 775
53 56
948 362
250 533
975 210
447 791
439 779
236 356
329 138
58 354
39 907
537 410
839 916
522 39
913 768
150 177
692 650
534 524
370 582
226 506
540 177
158 15
78 677
611 208
308 712
88 650
945 314
372 271
54 734
441 301
969 442
118 498
195 708
446 183
906 179
211 852
540 699
403 98
958 607
531 10
724 684
780 488
951 517
507 524
383 807
790 391
802 549
745 164
307 79
773 525
215 973
92 680
449 392
800 905
563 908
142 127
757 291
432 582
368 189
392 571
489 142
555 598
670 791
48 749
287 334
