100 550 5
1 2 4 3 4 2 0 2 4 4 2 3 3 0 0 2 0 4 0 2 2 3 4 0 0 4 4 3 3 2 2 1 2 4 1 3 0 3 4 2 2 4 3 2 2 1 2 0 1 4 0 0 4 3 0 4 0 3 3 1 1 0 4 3 4 1 0 1 1 2 1 3 3 2 3 4 4 0 0 4 1 1 4 1 0 3 0 3 4 0 1 2 1 2 1 1 3 2 3 1
68 28
79 7
50 44
62 17
82 72
94 3
3 60
33 17
54 42
56 66
37 61
51 32
44 67
4 10
87 21
17 45
26 61
89 21
12 45
67 73
99 44
68 97
30 8
60 37
60 73
83 12
86 19
29 98
36 85
90 81
72 71
20 56
14 60
57 19
10 87
93 4
35 41
17 25
8 98
9 6
87 43
41 72
17 16
54 77
24 72
66 95
72 81
24 11
40 80
65 1
41 58
65 39
44 45
78 18
61 67
70 92
56 53
82 19
1 20
52 80
42 30
53 40
8 86
75 1
93 84
94 2
66 19
77 24
38 88
21 6
48 79
48 16
63 60
60 79
30 49
74 62
44 18
62 12
71 8
47 23
49 27
47 24
24 13
80 89
9 98
40 74
89 23
24 5
93 89
19 96
1 26
77 19
28 84
30 72
5 27
58 7
14 62
35 71
46 69
30 34
56 50
27 79
66 1
52 47
41 70
85 20
58 4
14 33
89 85
64 23
93 63
80 3
68 56
96 13
27 19
19 52
2 5
98 44
70 16
79 52
26 8
6 47
17 1
13 69
39 13
1 31
20 70
66 84
2 53
27 66
51 81
26 17
35 64
86 23
40 48
38 10
61 89
18 81
87 81
40 67
29 1
42 2
20 87
61 36
47 8
51 23
48 14
66 8
56 54
23 12
69 32
38 89
96 53
85 59
28 48
72 23
33 5
69 41
61 22
10 7
62 22
33 31
14 43
19 88
39 26
33 37
88 16
14 69
64 38
78 92
91 62
64 65
0 4
21 66
88 13
23 55
27 34
64 76
13 36
85 1
36 56
16 80
69 38
99 56
67 52
24 21
68 96
13 47
31 28
32 13
22 19
42 10
25 92
34 8
98 80
38 79
10 75
3 19
16 29
47 12
86 46
21 67
31 16
45 85
11 18
66 85
34 66
12 42
97 99
46 80
60 59
0 12
30 29
78 39
69 49
94 11
35 20
61 96
61 60
52 83
6 98
44 52
41 14
59 43
76 92
62 15
63 78
20 29
79 83
81 68
24 99
87 97
66 16
5 46
75 33
28 72
63 80
97 6
98 92
80 51
58 74
98 14
26 51
47 2
84 36
44 31
39 48
25 60
85 2
52 55
67 60
57 3
81 13
71 85
23 31
24 46
78 21
56 52
62 63
9 45
40 6
6 49
33 73
44 10
37 69
46 63
26 81
38 58
17 29
91 76
16 76
44 97
81 24
77 76
55 33
67 26
97 45
41 65
15 18
81 94
71 91
89 56
58 16
40 11
74 21
3 13
31 49
46 33
98 96
47 60
84 90
57 11
54 58
28 96
64 43
5 72
70 44
73 91
35 99
47 74
26 87
19 87
96 32
19 85
37 16
55 12
37 27
83 24
50 15
11 62
88 39
40 24
32 60
93 35
22 45
41 74
23 6
75 91
72 91
52 48
37 58
76 65
63 58
66 35
17 21
29 12
55 1
12 76
11 9
37 9
35 28
76 52
91 32
3 82
5 53
64 48
6 52
34 70
56 96
18 95
5 17
57 97
51 58
88 58
79 57
40 77
31 54
73 39
0 15
61 5
78 99
14 74
66 83
80 59
5 68
60 4
46 18
71 57
80 42
27 95
59 78
48 74
11 49
73 6
24 95
13 98
54 4
83 22
32 14
95 59
45 6
40 88
61 7
56 91
40 25
54 32
67 53
80 18
66 29
21 20
42 69
86 25
74 96
76 74
44 19
95 87
3 41
80 81
3 47
65 38
74 24
89 4
89 43
2 31
43 1
11 28
80 13
33 11
38 71
83 15
0 54
61 12
49 95
57 31
45 87
83 59
15 70
52 66
10 55
27 77
31 20
12 80
72 75
90 95
33 7
38 59
68 64
8 97
2 69
87 86
86 49
53 11
45 55
46 39
31 21
42 60
30 50
85 82
72 40
7 78
24 32
19 94
79 53
15 59
65 85
14 66
90 19
85 78
94 95
0 90
20 40
88 57
34 61
2 4
88 41
29 85
54 26
56 24
53 66
95 2
78 4
81 11
58 77
68 36
70 0
53 39
59 56
62 0
0 24
18 22
22 31
33 58
28 38
59 19
62 34
21 88
92 21
70 37
80 88
37 53
16 32
46 85
41 80
67 54
46 79
50 43
99 98
10 98
65 53
30 24
50 27
46 13
93 21
84 15
36 15
44 55
23 62
75 2
18 49
30 7
45 20
74 59
36 57
4 3
21 47
53 94
86 88
65 40
72 98
53 34
82 7
15 96
38 7
50 24
99 52
55 15
16 50
97 24
91 19
14 91
57 90
86 59
55 27
15 1
84 37
19 23
90 31
77 73
12 98
0 96
29 52
12 40
6 44
41 52
72 64
54 82
13 70
88 14
38 9
50 63
29 55
4 7
75 54
95 9
16 12
6 65
24 76
90 63
87 70
9 80
3 30
85 99
11 68
40 66
92 59
77 59
65 91
71 3
4 64
26 36
