700 2000 90 
49 46 67 31 55 31 73 76 51 47 87 27 19 26 67 43 62 70 65 36 13 72 84 11 77 65 16 84 31 85 72 34 71 89 68 57 20 83 72 78 33 70 56 73 48 54 85 44 42 76 54 41 77 88 64 64 74 80 83 81 57 73 46 0 78 87 81 79 68 63 77 57 51 35 88 69 45 62 66 50 69 55 51 44 80 78 52 50 37 88 39 66 56 73 30 73 42 72 75 48 79 83 29 61 66 73 41 53 80 62 60 24 68 20 58 74 70 72 56 61 60 26 37 67 65 73 75 60 60 28 44 36 23 79 61 61 82 71 25 89 57 6 82 65 74 76 40 56 74 49 80 14 0 36 76 67 77 34 87 81 57 34 14 53 6 60 75 75 52 63 43 62 79 69 53 13 28 78 89 65 70 80 27 72 46 12 35 76 28 54 78 24 77 18 49 81 72 45 49 40 79 86 57 67 58 54 25 38 77 87 55 63 57 87 1 37 77 15 79 37 73 59 74 71 49 78 71 35 66 64 84 78 75 10 85 85 86 67 71 7 19 24 59 52 46 25 58 32 62 82 87 83 58 48 64 53 85 88 23 58 41 29 59 75 70 59 79 88 57 63 84 77 85 40 86 78 68 89 69 71 29 31 43 50 75 56 81 40 82 33 30 62 4 29 8 6 75 66 39 45 80 83 69 24 8 50 87 84 40 88 51 79 17 80 11 80 39 78 50 10 85 15 15 72 71 75 17 62 63 74 35 89 43 64 76 74 87 45 47 36 49 76 55 55 26 61 86 37 59 88 25 16 81 49 14 53 85 81 35 48 57 58 45 64 53 88 34 64 77 64 43 61 82 88 61 65 54 53 24 89 27 64 23 81 81 31 86 12 51 74 51 62 33 19 35 56 69 68 72 73 70 21 61 3 68 20 32 13 89 78 85 68 51 84 25 22 39 46 59 75 85 65 51 42 43 27 23 47 44 45 83 30 48 32 39 84 83 22 60 79 47 66 77 37 82 70 37 86 58 29 31 81 58 32 42 72 9 2 41 87 5 1 69 62 66 52 63 89 46 70 17 63 9 83 54 56 39 12 64 83 77 58 54 86 39 17 69 65 66 36 45 65 84 80 48 22 84 82 87 20 60 12 34 62 36 53 53 67 82 68 87 69 74 68 32 67 54 72 29 67 2 21 30 4 40 50 55 82 61 85 87 86 34 38 78 56 11 79 33 60 38 83 86 47 86 83 8 10 33 88 84 89 76 73 58 59 88 32 22 78 87 56 51 42 85 44 81 71 59 75 87 74 78 80 89 42 22 38 52 1 30 82 10 15 52 68 42 38 54 71 89 28 60 41 83 79 47 45 70 63 18 26 21 74 76 84 70 23 16 66 38 63 73 42 25 49 66 69 55 85 81 46 47 59 89 89 36 20 26 40 77 47 50 84 66 18 34 75 80 41 74 69 71 61 55 60 67 19 27 5 65 76 86 49 18 86 16 38 44 82 50 79 82 80 43 27 4 52 70 14 28 30 63 88 48 56 44 88 76 72 44 9 48 7 55 21 3 84 41 71 64 18 46 33 68 86 83 52 81 7
16 87
665 546
400 28
609 413
316 362
265 321
24 436
678 191
87 566
277 220
329 423
698 133
191 408
181 441
474 623
7 238
593 345
278 230
276 229
593 9
271 119
399 51
329 591
642 261
549 554
199 361
649 291
627 60
588 611
229 365
503 512
469 592
319 520
495 483
539 595
608 260
38 192
683 651
371 553
67 504
61 553
74 696
11 432
295 27
699 265
139 299
273 374
128 10
280 81
607 333
113 12
149 611
188 223
497 75
330 290
25 124
132 513
436 308
118 629
567 100
287 340
142 406
545 503
485 302
483 232
597 533
174 311
335 347
668 631
421 81
576 313
508 506
60 237
199 141
573 644
247 392
405 402
463 524
641 694
207 238
619 540
338 529
416 230
0 160
656 603
387 219
314 343
362 70
87 491
539 54
528 64
90 670
595 215
524 655
466 440
55 195
489 157
580 365
223 506
667 242
481 525
377 425
624 298
369 519
13 656
400 366
575 588
222 273
316 452
557 34
499 143
541 58
604 477
55 163
171 511
7 666
304 672
641 99
616 622
307 602
121 137
104 406
686 358
465 156
307 328
106 434
275 488
6 429
195 274
419 144
273 190
598 607
245 280
547 436
135 26
132 543
288 617
139 291
107 31
688 370
501 585
109 369
400 693
603 465
236 330
118 5
523 427
291 299
256 103
114 84
540 194
363 196
320 348
501 523
324 691
466 448
424 496
660 633
446 512
439 134
136 688
419 233
369 491
40 204
197 44
72 364
34 608
133 371
633 296
238 410
470 415
392 100
330 277
544 221
491 267
422 644
634 80
404 556
415 98
602 120
502 104
419 413
521 185
6 337
216 426
262 382
387 345
251 235
109 212
424 349
87 369
81 410
306 328
689 115
623 694
413 589
336 478
225 453
287 506
34 29
581 687
555 189
57 97
480 57
170 179
627 265
504 383
376 535
14 329
584 690
90 19
3 278
166 90
450 339
690 344
140 73
684 584
511 537
259 372
217 4
89 555
422 662
478 699
337 280
522 569
525 653
678 637
676 609
345 292
633 348
680 138
158 325
301 311
529 7
241 396
64 565
518 265
27 330
245 529
31 657
213 586
695 392
441 538
642 674
75 233
242 415
396 504
175 136
673 467
247 695
216 656
232 668
553 433
428 154
388 223
118 275
335 304
518 614
216 299
96 639
65 108
240 102
251 369
348 64
177 200
387 449
108 389
76 282
77 265
113 413
642 398
187 693
633 584
655 669
123 393
184 535
192 105
73 680
86 273
288 48
275 531
518 664
337 541
174 309
254 10
258 337
382 327
85 559
404 456
532 33
611 106
326 15
89 571
533 472
453 216
331 620
33 649
197 312
167 650
124 517
526 100
18 520
391 13
301 540
607 427
663 184
264 357
119 189
346 348
494 51
371 596
128 670
155 612
159 246
348 296
250 140
289 403
604 467
219 17
157 605
676 173
37 197
563 570
535 644
221 648
131 360
319 549
417 226
504 544
663 24
567 406
610 74
574 598
649 673
391 437
445 405
234 550
692 21
351 289
524 97
328 439
182 655
549 576
353 43
126 189
314 520
480 24
550 86
564 194
566 267
165 314
8 313
441 362
132 659
697 466
692 508
413 294
10 185
210 600
557 270
350 607
458 658
152 573
318 244
378 175
464 659
624 306
245 164
373 251
185 101
540 193
601 267
346 684
640 339
277 685
527 11
87 109
289 687
423 244
275 288
573 279
293 191
510 478
583 377
614 555
203 685
38 373
59 12
258 127
572 495
323 72
363 697
513 243
560 419
98 645
116 608
590 253
13 545
267 414
220 161
519 163
315 562
226 566
356 624
104 95
362 39
397 289
123 187
199 653
212 136
113 664
688 537
477 205
540 452
34 577
8 18
200 493
261 377
356 389
584 468
431 662
39 116
158 616
38 577
511 444
489 388
678 582
174 28
208 655
530 51
681 336
302 368
321 15
181 319
408 662
261 389
119 258
368 246
380 682
615 170
663 675
596 235
629 374
328 523
287 415
77 445
357 315
528 346
43 406
328 277
147 417
619 625
110 341
320 127
159 477
489 478
481 368
677 566
190 643
630 653
556 182
35 4
60 59
369 596
122 659
139 437
479 585
614 658
68 405
522 86
555 233
475 90
90 524
692 613
109 163
459 76
621 663
220 168
587 468
420 610
137 526
216 317
618 113
68 680
274 130
341 63
207 410
148 239
157 349
178 44
508 427
422 214
304 499
590 578
268 451
345 334
643 317
69 336
214 293
252 363
39 316
14 15
582 219
665 678
44 230
640 350
482 284
172 469
603 551
275 26
386 289
487 78
279 247
349 445
530 267
463 641
583 399
202 289
493 693
585 380
327 546
239 451
551 604
214 285
558 681
414 289
535 421
446 485
268 282
21 188
481 243
132 122
141 100
597 635
333 495
241 86
510 52
76 334
334 588
173 189
266 342
522 263
366 619
471 85
418 194
23 296
467 503
388 445
462 435
157 112
192 352
42 82
336 52
521 429
188 415
397 624
128 208
290 63
426 545
649 488
359 460
508 50
603 485
392 282
578 564
391 603
21 69
306 63
316 319
575 32
297 229
361 502
492 302
94 323
192 520
563 326
179 319
327 655
200 260
443 363
21 110
345 11
280 276
414 616
297 180
67 416
41 235
598 471
617 603
165 38
600 429
353 593
601 688
381 341
555 93
688 373
675 584
492 656
257 487
556 22
5 531
130 596
449 451
86 197
449 527
184 661
593 474
692 574
284 567
276 258
68 265
419 348
428 24
147 289
525 315
55 601
202 328
262 593
271 20
171 195
110 198
400 260
600 521
528 385
692 82
116 70
531 656
416 383
510 21
583 108
409 384
51 674
249 89
460 361
529 660
41 331
578 657
518 440
467 13
695 546
268 56
486 683
295 585
622 397
576 608
227 296
108 91
263 625
533 686
659 95
377 454
86 67
681 471
413 650
35 221
481 153
586 353
241 355
471 612
94 284
276 691
414 386
138 266
185 344
657 608
542 27
49 432
547 152
389 397
85 98
469 495
506 350
112 140
184 24
397 303
104 315
282 247
315 361
113 60
425 331
154 322
28 187
390 669
656 446
387 30
75 138
308 675
519 36
564 696
699 498
93 238
596 615
237 375
658 196
566 61
187 366
564 461
271 375
352 105
274 369
605 318
421 468
493 461
565 297
288 225
376 385
611 659
474 282
290 581
433 491
148 637
311 452
380 42
455 505
499 79
515 676
382 162
206 191
273 37
632 556
307 91
232 157
474 387
682 46
408 213
295 83
465 264
373 170
602 371
238 144
19 463
578 79
658 647
699 112
199 264
181 520
478 223
562 533
619 78
554 31
523 134
212 147
58 294
280 271
232 651
113 342
296 293
373 537
232 667
404 131
156 302
646 261
493 657
541 64
658 697
215 400
583 330
355 40
458 423
652 103
438 648
266 66
485 391
377 602
74 366
671 73
318 112
389 430
446 514
659 141
58 529
168 307
321 183
140 183
672 253
179 314
578 107
343 517
636 693
604 246
312 193
450 570
487 88
388 242
350 685
68 402
371 677
628 419
620 169
608 84
573 308
384 470
279 231
81 47
528 666
430 398
316 549
464 462
687 674
498 424
504 230
124 36
15 445
61 251
375 348
605 671
457 640
418 312
183 563
292 121
143 204
600 561
283 512
352 177
89 73
116 606
215 62
448 349
388 450
435 141
461 209
643 416
283 532
598 380
697 115
405 321
476 653
309 452
294 650
531 643
468 57
630 359
633 6
237 12
421 324
683 326
107 78
55 444
151 582
88 569
694 451
447 52
102 108
630 132
436 191
160 293
697 249
17 463
572 558
327 162
211 93
74 619
119 338
463 322
83 150
692 380
293 535
636 394
149 305
491 430
642 240
642 41
632 30
60 654
223 69
350 42
494 158
399 581
192 652
669 282
131 464
403 542
6 521
266 618
684 6
190 5
225 48
167 58
293 421
443 591
345 536
550 552
301 177
395 417
52 640
653 432
149 56
267 165
67 438
489 448
76 353
191 484
399 91
589 628
551 159
434 22
214 154
331 240
19 80
272 3
157 14
178 416
688 226
207 164
461 442
102 303
470 574
350 295
688 212
310 192
593 360
684 296
252 589
34 441
62 105
201 343
683 495
55 165
252 628
556 434
500 356
140 405
262 151
356 501
273 335
254 573
562 597
532 221
586 262
580 271
691 280
412 614
402 664
584 621
48 545
371 41
61 120
163 84
145 660
536 142
5 416
656 205
374 37
567 323
614 680
61 444
40 217
241 234
468 296
380 645
393 554
665 637
455 153
438 259
11 323
390 524
153 49
443 679
22 611
477 302
205 216
244 157
370 491
377 161
5 44
686 594
164 93
28 411
544 648
359 95
505 465
367 41
290 559
306 27
224 385
19 247
586 678
68 440
657 393
632 166
439 685
238 297
4 37
221 531
372 118
534 497
418 304
603 626
246 132
311 29
269 359
346 7
273 40
171 16
559 83
618 363
232 563
502 432
62 400
507 473
453 283
638 95
589 196
690 436
270 136
531 48
666 280
21 384
34 319
65 303
500 341
300 153
550 204
406 95
476 104
96 649
77 244
445 255
187 143
490 363
114 378
44 86
634 32
507 483
75 650
219 456
69 42
383 278
333 340
336 388
56 567
268 548
198 21
332 340
460 72
348 666
512 391
78 177
575 142
441 352
526 634
678 404
135 594
660 691
612 692
91 186
520 34
211 509
366 461
79 86
576 114
355 4
193 578
641 208
47 348
160 480
315 269
677 395
688 615
305 43
271 676
176 362
133 235
38 195
587 660
586 166
395 351
148 392
665 573
606 688
383 522
279 224
190 92
447 592
436 184
333 470
198 645
210 480
648 3
451 634
480 600
694 546
343 29
302 603
256 444
281 246
393 540
466 412
494 236
416 569
227 684
259 96
471 198
83 65
219 166
240 622
473 469
436 231
240 235
255 681
499 564
642 491
38 319
693 347
414 351
654 679
442 539
555 211
682 457
81 528
540 347
228 330
289 425
218 486
625 40
160 690
17 670
537 61
267 133
550 625
623 459
148 151
240 158
120 674
420 569
37 396
409 607
2 173
149 357
49 460
699 405
229 541
499 197
163 175
463 637
49 72
565 126
252 440
381 63
561 663
588 464
299 639
575 323
366 442
341 350
148 19
436 376
405 689
501 236
239 282
594 96
401 125
683 115
303 286
483 340
415 613
493 394
426 594
192 511
452 554
687 530
213 662
296 528
459 527
655 390
533 505
650 379
538 362
54 181
636 411
87 331
3 96
67 649
646 501
664 89
501 134
429 560
606 212
418 117
581 168
26 569
34 62
615 606
509 119
500 330
19 524
477 283
17 480
266 627
346 285
445 631
519 169
89 614
194 693
286 399
262 282
19 573
523 295
227 661
494 91
108 530
190 222
607 667
183 458
646 161
492 281
184 346
445 115
526 459
434 575
234 257
441 590
304 123
209 411
525 502
590 45
575 292
623 80
182 137
279 213
272 222
595 608
83 236
571 75
56 141
443 2
687 202
635 604
10 428
414 553
436 670
316 378
600 57
22 406
342 515
81 666
374 79
1 472
515 591
345 464
672 549
385 152
556 282
628 379
490 59
281 477
182 354
162 353
335 461
554 442
670 480
497 167
426 673
82 585
287 612
479 598
366 578
604 656
401 207
101 322
314 538
456 593
505 359
621 296
690 285
204 487
432 543
349 697
41 130
18 538
13 626
493 540
587 348
331 289
363 402
679 211
267 433
442 347
21 350
515 647
694 151
302 300
610 4
597 492
643 446
47 560
11 95
39 111
218 469
409 85
689 218
379 609
257 569
617 291
132 199
242 469
468 125
38 378
470 668
684 633
128 162
413 59
485 281
38 314
668 172
331 674
17 422
186 161
555 413
463 128
84 25
576 343
634 474
210 661
293 285
308 97
71 253
595 557
616 579
518 329
537 386
164 337
387 456
99 19
586 662
361 56
1 156
133 87
145 633
291 453
225 617
196 249
170 270
178 488
158 530
470 457
399 687
6 346
425 251
401 6
44 272
440 697
7 258
592 613
631 605
129 607
94 1
515 650
84 170
117 366
417 620
291 488
605 15
325 51
405 266
651 112
490 173
665 162
224 23
204 304
675 535
360 219
382 151
693 209
592 640
415 510
506 110
344 213
618 196
9 536
553 195
368 505
250 407
239 268
491 568
621 210
317 514
26 453
146 221
438 92
649 53
85 50
201 539
280 661
400 187
576 253
657 248
242 380
508 203
80 548
271 6
443 571
446 221
172 651
352 201
343 557
198 409
120 307
262 360
532 275
682 110
242 592
619 187
407 232
215 29
606 36
281 513
35 545
79 335
572 507
53 488
74 107
643 278
525 472
266 443
251 395
352 672
237 379
454 261
646 83
354 239
612 129
556 474
596 251
82 685
574 506
458 402
535 23
435 653
101 573
249 534
263 194
9 464
20 59
294 233
420 550
45 393
125 565
486 255
606 577
467 594
594 639
202 228
319 39
558 667
322 206
293 206
99 214
89 628
41 289
157 486
19 641
155 350
239 137
111 343
390 637
268 292
297 375
625 74
354 434
148 247
25 538
664 183
373 16
169 124
211 58
651 572
462 94
553 163
347 177
520 343
283 437
406 588
342 497
348 229
640 287
227 346
194 79
554 174
273 197
131 593
312 135
57 663
112 73
92 552
432 56
571 138
83 624
514 648
23 24
335 619
688 677
74 394
309 176
158 430
278 35
601 165
335 394
407 450
378 84
456 390
20 676
436 0
410 560
561 145
304 610
539 311
258 207
634 556
395 414
164 320
241 383
618 614
491 195
518 402
394 619
563 689
50 427
278 532
146 453
298 523
214 644
69 471
589 618
50 500
259 272
329 138
544 178
668 407
405 631
417 371
566 109
363 75
607 85
613 473
367 616
632 623
401 145
126 271
142 32
80 536
340 129
237 89
275 649
47 320
267 386
243 525
256 192
159 269
309 31
681 683
337 180
419 2
112 172
187 493
122 462
599 662
102 226
287 188
332 69
532 467
631 699
515 252
9 100
594 372
114 111
540 174
483 563
219 19
528 184
681 242
504 257
84 520
4 222
52 326
554 311
594 446
496 448
1 562
291 673
255 52
45 201
557 84
184 57
680 66
23 160
598 415
209 201
517 36
199 482
454 330
225 96
4 374
126 375
232 450
10 456
191 224
48 275
263 273
384 46
211 2
531 453
169 111
486 469
430 530
610 263
357 476
616 120
296 81
561 324
298 295
185 561
66 75
533 139
409 380
120 579
627 68
555 245
632 353
654 664
628 297
307 236
197 79
43 106
6 348
261 542
236 500
17 644
462 482
243 132
128 599
67 217
146 545
73 244
503 617
330 220
620 568
654 2
301 31
77 349
286 202
559 150
472 513
194 550
31 176
115 507
440 496
661 164
621 271
460 95
451 575
479 341
551 426
319 25
358 48
46 129
374 88
544 67
671 697
380 479
489 15
423 647
90 154
65 228
300 1
161 506
381 295
207 561
104 575
11 588
33 446
312 222
567 121
639 358
455 264
337 560
362 577
412 627
694 573
451 526
7 338
213 224
304 193
539 554
569 234
80 9
104 284
539 452
330 687
186 150
447 483
491 511
61 568
617 275
145 57
490 180
275 221
400 554
325 403
6 661
127 245
508 585
612 598
111 520
341 27
517 577
335 117
310 103
191 456
8 111
207 633
32 659
217 522
27 63
103 169
318 486
45 619
281 139
240 325
312 263
205 465
469 339
380 50
642 102
562 485
520 70
274 367
149 94
375 580
335 383
372 4
127 337
249 183
93 628
22 137
224 324
377 698
507 469
367 226
447 570
54 576
419 127
453 372
109 195
179 111
456 582
166 128
359 72
140 683
491 16
174 209
557 256
62 313
570 250
674 397
167 647
234 366
376 661
689 605
292 474
376 210
257 355
8 124
165 516
114 313
455 205
309 29
428 206
382 694
152 428
636 625
517 519
166 30
388 218
637 30
464 334
683 697
92 288
118 374
437 503
364 460
439 98
421 429
683 489
101 231
634 567
631 218
48 649
404 80
403 698
326 478
300 281
420 273
143 396
319 538
190 355
602 642
303 430
587 621
448 232
570 405
65 454
444 169
290 542
10 279
456 662
79 204
651 255
249 424
272 48
170 343
281 472
310 181
670 97
311 39
271 584
53 643
428 524
125 509
520 444
519 314
465 477
674 530
392 151
248 309
49 132
223 287
154 484
643 512
656 391
571 534
238 348
385 10
346 621
184 547
298 500
494 646
95 142
55 414
230 4
31 347
546 556
207 324
508 501
217 241
498 489
301 564
176 657
384 129
64 271
490 20
144 401
475 128
391 532
135 217
412 138
654 294
454 228
548 334
665 599
622 399
682 21
559 646
289 430
463 101
410 419
525 264
139 656
640 574
178 263
558 339
29 201
650 144
141 575
581 277
513 359
336 495
281 686
278 552
387 80
687 51
465 153
612 340
332 667
76 9
495 699
133 616
54 71
133 307
40 88
506 479
483 223
133 399
115 326
366 394
621 684
120 158
180 443
180 679
513 465
206 547
213 665
370 511
626 532
356 439
423 66
217 544
418 461
123 693
334 9
382 353
457 471
305 638
431 463
349 183
52 332
690 214
566 596
229 7
681 668
537 516
288 135
351 251
385 185
220 559
241 550
94 513
370 130
365 666
26 629
698 102
415 350
417 120
607 356
691 565
158 602
81 23
39 170
428 308
448 68
331 226
47 144
367 109
314 195
581 108
29 71
587 691
569 372
443 252
552 504
59 233
281 315
147 642
565 271
376 57
471 415
679 12
174 493
124 652
122 334
564 86
390 128
77 412
226 130
326 255
227 633
627 423
99 599
197 610
420 79
551 686
105 31
43 588
392 390
462 536
622 403
238 126
603 299
650 12
236 454
400 248
425 240
65 624
323 449
580 7
589 680
295 508
593 637
205 533
21 640
401 419
277 494
230 552
427 198
345 451
89 697
541 180
80 593
636 200
233 609
