150 300 10 
5 6 4 6 1 7 7 5 8 4 8 9 5 9 6 8 3 9 7 5 5 7 8 2 8 4 2 5 5 6 9 8 5 2 9 4 3 6 5 9 8 7 6 9 7 7 3 6 2 6 6 4 4 7 9 9 9 6 8 6 8 8 7 8 7 8 3 8 7 6 5 7 3 9 7 8 5 2 8 9 3 8 7 3 0 9 4 8 8 6 8 9 6 5 7 3 8 6 8 9 3 7 6 7 8 7 9 8 9 7 2 0 5 5 7 6 9 4 4 9 8 5 2 5 9 9 4 4 3 5 1 9 9 8 4 1 7 7 9 8 9 4 2 9 6 6 1 1 9 3
23 44
40 7
121 143
130 26
144 32
32 140
119 118
85 124
69 2
17 108
48 102
73 67
42 124
132 8
43 106
100 46
113 118
126 81
60 5
81 100
114 86
15 63
97 148
16 31
134 5
101 9
132 100
149 112
138 21
105 97
148 55
127 37
45 82
22 109
20 130
44 97
57 88
61 121
17 26
139 12
113 66
77 110
36 125
149 138
92 33
119 136
109 16
115 110
87 41
146 35
69 40
5 65
70 18
117 53
15 112
14 91
62 60
5 58
52 94
107 48
131 41
51 22
130 14
93 30
18 110
87 12
87 104
54 58
136 8
131 24
47 70
90 60
2 21
77 137
8 101
63 35
79 138
72 135
118 84
0 57
89 65
90 67
25 56
7 17
118 121
49 66
104 139
76 30
19 45
141 91
16 53
131 47
94 5
138 0
70 92
124 22
88 111
62 120
122 139
120 21
76 123
94 67
74 135
86 107
76 25
78 81
73 123
113 124
128 131
15 76
42 83
134 29
95 101
96 11
48 69
77 100
97 89
90 52
20 111
88 1
99 38
133 128
62 0
107 129
117 107
22 85
4 49
59 102
41 39
34 91
59 129
132 106
144 4
20 14
8 66
38 106
29 139
7 26
147 33
105 55
100 137
53 3
77 41
42 109
107 102
22 68
10 50
97 92
145 71
71 4
142 139
34 60
143 132
98 43
84 121
140 144
34 112
131 87
64 3
83 32
106 126
56 5
134 92
27 146
2 20
74 136
138 57
34 6
78 61
48 1
140 49
77 122
119 4
66 127
137 128
148 52
131 115
24 98
82 31
42 74
76 55
118 140
106 125
127 84
80 133
2 1
112 146
28 102
125 95
105 33
148 93
40 116
24 77
40 117
30 65
79 116
102 86
141 149
119 143
17 91
92 18
77 29
122 142
36 143
75 15
76 89
98 87
26 114
48 117
2 138
29 142
104 128
59 107
129 86
3 28
62 27
77 39
16 59
145 9
134 54
109 86
99 46
122 133
36 132
0 108
31 68
128 23
93 76
134 10
33 65
86 53
137 61
111 2
37 125
29 11
19 31
0 149
145 125
95 46
70 115
53 114
89 58
116 7
95 38
17 79
100 126
44 13
4 84
124 49
112 75
37 99
146 6
54 56
68 64
110 131
34 75
11 134
149 27
74 119
72 144
130 17
133 12
100 43
103 6
69 21
52 30
13 147
111 117
109 51
119 9
113 136
11 50
6 14
47 128
105 58
127 71
55 52
62 103
12 122
79 40
3 107
21 108
80 137
29 70
10 23
48 79
25 94
84 71
121 46
1 20
148 76
96 142
81 46
141 20
8 95
133 24
19 85
141 120
117 86
127 143
