200 500 20 
19 18 16 10 16 17 11 16 18 19 14 6 19 13 4 15 10 1 6 6 14 0 8 5 15 18 17 13 18 11 9 17 5 1 8 11 0 17 12 18 18 3 3 7 11 13 17 14 18 16 8 12 9 10 9 7 16 9 8 12 18 8 10 12 10 19 16 5 19 6 11 12 18 3 15 18 15 19 3 5 14 18 14 11 18 17 19 1 7 16 15 8 8 15 16 19 11 18 11 15 19 15 10 17 5 7 7 6 8 13 15 17 18 13 6 9 17 13 16 18 7 13 13 19 19 16 15 5 13 9 10 15 10 19 14 10 17 3 12 4 17 4 11 15 6 17 12 10 16 9 14 13 14 13 12 9 12 7 15 14 13 16 10 19 19 12 17 16 12 2 17 19 2 17 13 4 19 7 8 15 11 12 14 18 14 19 9 14 2 15 16 11 16 2 14 17 14 19 4 18
91 4
25 40
57 149
56 50
73 77
73 108
139 118
47 44
132 22
11 110
22 10
104 80
127 67
193 24
154 7
32 149
29 108
85 132
3 4
159 82
93 23
80 106
133 84
0 142
30 105
30 158
65 98
9 154
34 51
17 78
71 47
112 136
89 43
197 52
68 79
23 199
26 192
16 138
142 151
166 121
168 61
83 158
56 24
100 22
60 174
89 139
198 189
70 67
150 21
68 49
39 168
81 123
25 79
24 135
63 198
129 69
146 162
196 49
177 76
106 173
183 174
192 187
50 172
1 45
6 178
50 37
67 9
36 106
125 174
82 10
45 71
133 118
86 61
180 99
50 191
101 58
143 178
146 42
54 89
14 38
172 106
135 6
168 151
87 192
198 158
64 142
160 197
178 102
144 147
188 112
118 29
113 85
10 27
103 36
71 104
130 7
136 182
179 112
146 176
13 144
88 166
37 146
145 181
161 183
19 140
186 172
84 23
179 83
3 197
13 128
36 47
161 64
142 122
165 199
72 156
180 163
109 187
183 26
35 53
169 96
165 15
72 128
132 113
188 105
73 52
76 82
190 187
22 25
188 148
136 195
49 82
78 28
54 121
77 17
1 71
82 0
99 174
73 69
9 34
78 21
108 93
115 56
118 111
60 132
167 102
107 132
137 143
174 142
192 162
193 72
44 69
86 153
154 130
70 19
50 24
39 49
163 183
36 14
26 48
0 12
166 133
116 117
68 18
178 126
103 38
52 2
36 56
181 22
168 159
145 107
15 28
198 182
34 27
111 43
102 115
127 39
111 97
195 118
162 109
7 27
127 51
191 14
79 39
190 81
79 61
173 120
30 74
121 29
60 99
92 152
158 117
158 182
123 109
73 185
43 88
47 80
147 46
56 14
135 193
87 123
125 60
160 11
41 32
127 152
180 122
153 142
100 132
8 54
83 97
119 144
86 12
188 116
181 153
190 131
151 113
101 71
0 67
51 140
76 130
42 178
184 89
104 44
102 123
1 80
23 11
59 171
2 44
177 9
30 111
147 162
186 126
123 193
164 131
122 48
149 92
57 134
68 154
28 93
171 10
19 62
66 188
19 12
36 175
110 170
27 140
111 136
196 130
35 132
149 55
94 45
146 102
2 33
76 39
122 64
193 20
117 148
164 81
96 198
161 164
185 28
124 20
40 39
31 98
186 191
86 107
56 129
138 31
73 17
45 73
88 136
49 18
19 86
120 77
54 29
90 8
76 51
16 92
96 188
124 176
12 140
42 175
148 136
191 178
62 12
188 16
39 19
136 41
66 149
77 69
138 152
71 197
175 50
17 150
109 164
114 157
18 76
156 102
126 6
198 30
37 124
108 17
156 143
137 190
43 165
134 30
179 105
16 198
136 116
153 132
173 73
196 67
110 93
149 63
42 24
51 189
119 145
79 62
97 8
168 40
44 1
60 64
82 171
0 40
112 134
77 47
103 172
47 129
178 38
89 136
66 57
106 33
102 155
156 81
113 180
172 56
106 94
23 150
25 53
182 5
138 74
131 125
57 97
84 88
58 38
124 135
48 144
103 191
116 112
164 128
172 115
137 144
88 184
19 79
34 98
163 107
139 54
95 74
173 44
21 93
142 85
146 81
66 179
159 35
38 101
107 25
133 121
105 117
51 68
46 26
130 31
117 195
183 119
145 99
129 106
180 64
60 122
139 136
95 189
81 37
196 171
20 194
128 147
98 27
44 94
149 152
11 3
155 6
170 165
92 130
148 198
18 34
59 70
150 91
165 29
108 110
90 84
48 125
196 18
24 176
36 69
181 151
137 72
61 151
177 7
37 135
115 155
146 190
114 191
32 57
70 39
133 90
59 39
75 155
20 137
151 132
4 104
163 113
5 41
138 92
126 115
55 98
169 66
74 65
178 124
107 161
97 89
101 56
15 84
63 96
16 189
68 140
87 125
67 25
19 49
173 80
87 119
184 121
71 94
95 98
22 53
129 36
141 14
72 147
141 191
76 127
113 174
37 143
140 127
106 103
24 175
149 188
106 11
170 199
101 141
194 6
123 24
106 38
100 53
17 93
63 189
150 4
173 3
162 193
156 147
138 140
145 163
89 170
194 167
186 157
102 176
131 64
75 115
156 137
99 122
65 31
125 99
56 191
27 51
74 27
159 181
0 100
67 59
188 117
108 3
75 143
114 44
134 111
105 182
119 162
12 53
139 165
94 160
111 5
193 156
130 138
128 119
152 74
11 197
68 82
185 108
