50 100 5 
3 3 3 1 3 2 4 4 4 2 3 4 4 2 4 4 4 4 2 0 3 1 2 4 0 4 3 2 4 3 4 4 4 3 3 1 2 1 4 2 3 2 1 3 1 3 4 3 4 2
47 9
43 45
28 46
0 37
28 3
36 34
10 41
40 25
39 34
45 36
13 23
14 6
37 18
18 8
7 47
28 38
22 19
36 39
8 40
45 2
43 49
42 15
38 31
40 20
20 25
7 27
0 45
39 29
24 35
21 40
26 19
30 24
45 13
5 39
4 29
23 0
44 21
9 27
29 26
48 25
14 48
46 18
15 12
25 46
10 22
37 2
28 31
45 49
25 6
33 42
11 43
9 3
34 5
36 29
11 44
40 2
48 3
7 6
1 41
32 43
26 10
23 21
49 23
23 32
17 12
33 35
2 38
8 2
48 27
5 19
46 47
36 5
42 12
26 16
32 36
17 41
2 49
15 4
22 42
1 42
43 8
12 5
10 24
19 34
16 17
11 32
25 27
32 5
12 1
15 39
21 32
18 20
1 26
36 44
21 0
30 14
2 18
20 2
16 33
31 40
