500 1000 55 
46 50 50 53 53 49 42 26 31 46 21 49 53 11 30 32 28 54 31 53 45 37 13 39 3 48 28 38 31 52 48 39 13 43 53 51 16 44 14 1 36 52 21 37 30 40 30 50 1 46 4 43 11 49 26 43 33 39 27 44 54 37 23 29 10 51 52 9 34 20 54 26 44 54 51 51 48 11 50 5 49 47 40 47 38 54 17 53 37 49 14 44 2 42 20 50 52 9 33 24 39 33 44 54 21 36 8 41 37 31 42 36 7 37 18 7 52 34 24 52 28 31 34 35 28 23 45 47 34 38 38 24 53 52 25 14 45 52 15 26 17 32 22 18 41 19 44 54 34 47 33 50 22 6 28 41 52 8 36 39 47 35 39 22 48 34 33 25 46 49 35 54 48 47 0 7 47 27 12 36 47 37 26 30 41 47 39 15 40 39 40 35 52 18 54 42 43 35 35 31 32 29 29 21 50 36 45 47 4 37 12 7 25 52 34 47 45 50 27 51 31 38 12 47 51 17 51 43 30 38 22 29 37 26 43 33 52 49 28 46 50 38 54 19 26 32 15 30 8 23 20 30 34 46 36 54 48 50 48 49 44 43 10 19 41 44 14 42 49 48 46 29 32 4 8 43 25 39 14 19 27 48 19 40 17 40 38 44 25 32 52 31 54 36 30 29 41 10 53 45 15 26 41 52 39 45 33 46 43 17 23 18 43 35 53 15 20 19 32 0 24 47 6 13 51 13 32 33 53 23 48 32 51 21 35 53 46 50 17 45 53 45 30 20 53 40 53 33 43 10 51 45 34 5 41 46 27 45 22 21 18 44 47 41 41 25 53 38 54 42 46 50 19 23 36 25 21 5 50 49 36 30 41 48 29 16 49 51 3 50 44 44 3 36 12 26 22 40 45 49 23 29 42 25 48 17 54 51 40 42 34 38 42 37 38 54 2 22 43 16 45 24 16 27 9 49 41 47 6 22 44 38 51 24 43 27 35 40 11 46 16 51 35 18 40 29 28 13 40 12 20 42 40 27 51 25 32 48 49 48 39 53 42 15 31 46 39 6 24 54 51 49 42 42 41 52 28 33 29 10 11 14 27 20 31 37 28 20 33 1 37 34 35 46 16 24 9 44 23 50
77 115
109 180
339 54
167 101
283 454
496 130
52 40
110 163
124 54
205 138
443 31
97 319
315 262
337 474
440 151
236 429
89 491
23 364
280 350
342 262
101 242
116 181
358 399
387 420
465 266
48 125
269 98
206 342
115 396
285 181
467 119
364 296
435 74
445 66
283 274
405 131
346 183
5 428
92 118
135 66
332 301
144 177
14 75
56 467
202 40
170 489
105 11
489 36
322 126
139 497
224 288
296 70
292 494
60 199
490 52
387 463
210 112
143 221
231 266
258 113
197 271
143 368
275 103
125 490
114 402
378 248
469 290
200 305
185 433
156 88
165 385
148 153
202 307
84 251
415 358
465 231
54 34
144 435
181 247
397 298
470 322
277 128
412 272
291 460
265 323
299 147
23 391
136 483
410 3
242 118
448 24
158 138
8 434
250 371
450 377
135 145
231 228
45 488
136 224
290 223
426 121
428 56
300 158
192 39
399 417
48 476
391 422
320 48
17 406
292 408
111 271
341 470
242 49
16 472
155 37
471 396
129 225
251 322
175 253
404 461
193 22
138 48
253 273
355 162
51 179
480 65
78 260
122 466
455 494
100 59
493 76
156 35
245 210
381 11
487 73
67 388
191 378
292 361
393 245
197 14
446 423
324 396
61 295
137 343
484 50
251 159
356 357
323 123
471 163
135 378
474 365
215 178
210 70
486 252
364 132
219 391
469 368
178 47
446 319
331 55
418 375
243 176
21 15
444 291
429 496
194 92
260 411
218 320
28 286
247 92
197 67
163 19
87 405
208 406
480 225
195 346
353 122
210 53
98 321
88 118
399 175
109 425
83 432
454 9
248 59
424 427
140 1
315 98
340 28
489 204
8 229
344 232
257 196
88 35
325 63
112 237
253 215
36 219
217 464
318 329
395 380
125 241
155 482
473 242
388 189
1 479
84 42
58 444
303 111
286 276
344 386
171 169
408 351
350 236
339 204
70 111
228 477
194 261
157 310
146 134
5 488
387 140
85 86
127 336
84 239
320 40
498 291
183 396
270 186
76 468
312 493
349 198
394 330
302 205
471 42
491 378
313 172
28 308
167 398
211 133
90 211
161 247
495 70
268 24
143 27
46 217
365 183
59 477
497 60
176 450
429 254
204 327
467 490
226 487
49 275
476 158
455 374
113 46
269 368
212 252
341 301
340 365
374 227
334 319
62 14
443 270
213 375
157 191
236 462
50 2
97 375
472 423
241 57
437 164
32 91
43 195
104 8
213 334
123 124
265 230
254 34
78 94
332 228
26 497
207 311
321 385
239 346
254 54
88 473
132 14
198 9
384 201
385 359
167 182
117 204
100 401
239 228
451 245
194 180
122 489
488 307
97 197
327 131
75 403
46 475
52 218
219 457
415 108
39 129
326 93
76 349
101 448
397 129
161 316
79 412
111 373
189 151
475 259
294 258
55 443
204 0
497 97
107 38
225 475
399 135
185 214
262 190
428 416
187 94
310 89
162 109
81 446
495 222
313 39
378 9
346 10
331 289
239 173
230 414
172 347
118 156
150 478
113 463
342 377
77 72
15 485
441 210
188 80
461 120
370 152
27 14
391 69
104 348
474 468
361 316
452 64
263 379
395 0
158 8
298 433
265 439
286 86
265 330
375 492
4 382
145 409
482 356
292 326
391 403
197 446
156 424
380 11
418 428
126 158
254 330
408 361
228 312
206 131
234 288
89 231
449 491
261 285
81 26
369 430
71 360
38 168
421 388
155 327
481 397
278 127
459 376
409 184
82 267
198 437
316 107
84 401
12 6
41 54
431 379
137 141
81 421
102 353
125 438
231 392
392 209
370 176
23 499
244 183
90 135
13 358
80 400
166 255
484 119
79 267
449 193
456 75
386 2
353 466
480 298
459 266
165 269
242 167
141 366
71 295
309 457
384 18
153 491
499 221
39 463
173 301
396 332
321 68
407 36
257 41
321 311
382 306
288 51
462 196
424 270
350 345
334 139
445 279
371 202
276 471
311 363
90 49
476 15
240 313
103 281
190 207
81 139
120 333
38 289
178 275
394 460
332 276
453 175
215 66
226 313
5 375
488 16
275 268
435 78
460 196
77 252
189 426
123 230
133 7
69 68
415 410
202 390
485 229
203 300
362 159
127 144
142 404
417 453
325 277
78 447
41 498
497 416
6 367
121 492
409 231
422 327
283 346
93 92
364 210
0 37
469 400
183 286
75 499
221 383
26 299
80 112
467 104
251 110
442 113
474 454
204 124
99 431
336 331
204 171
160 287
103 227
27 188
266 358
432 50
317 101
66 306
40 137
92 167
466 30
412 352
347 94
3 13
365 84
386 488
381 87
328 411
1 94
141 40
489 327
119 202
128 96
371 241
152 380
30 436
325 253
482 407
287 66
270 361
197 174
185 217
23 456
259 41
7 17
203 110
200 489
132 385
438 126
53 80
251 297
281 399
440 303
339 11
461 323
66 374
460 265
335 244
457 102
72 203
157 96
356 305
248 349
211 458
253 459
366 241
289 144
498 214
287 4
337 239
460 54
157 193
400 53
377 422
478 113
44 111
249 496
305 34
302 297
1 442
37 171
219 102
44 189
440 112
469 53
7 279
494 238
30 413
17 13
353 206
213 373
372 171
448 406
451 221
417 24
477 164
308 173
65 280
423 174
420 225
67 373
386 139
47 215
429 120
90 417
68 315
385 451
455 238
389 229
4 227
297 85
281 453
420 294
184 128
154 343
335 431
413 395
219 407
293 192
336 318
149 433
445 402
141 125
315 311
400 67
192 73
445 108
148 160
15 52
414 265
61 56
114 374
467 343
77 159
18 367
294 479
477 286
449 459
205 218
90 3
166 408
134 268
273 135
232 250
297 282
409 63
309 354
385 383
254 236
222 400
336 74
466 377
154 490
48 389
376 106
304 412
121 210
365 228
466 372
383 403
436 452
495 223
216 234
483 216
139 430
177 256
304 492
295 56
416 334
8 476
243 309
334 81
288 483
170 155
33 197
402 374
439 41
281 22
344 56
142 236
485 389
308 235
444 105
25 130
469 80
202 467
214 105
115 322
27 359
108 208
37 444
149 475
107 255
379 337
103 47
401 379
456 262
394 462
230 429
253 281
72 115
481 150
41 475
186 180
120 259
366 371
117 407
335 286
389 205
37 95
199 421
318 288
264 179
482 327
497 371
95 370
480 230
320 300
302 138
2 369
372 98
268 108
489 95
206 305
150 240
353 37
317 146
185 25
363 456
192 478
386 82
62 469
363 269
62 499
273 153
422 407
310 419
345 65
51 331
85 401
30 370
20 108
136 55
220 420
356 105
200 54
21 159
50 307
334 388
140 225
135 63
331 162
208 306
318 192
315 354
404 460
117 405
436 357
471 340
113 347
386 267
227 208
285 101
476 72
448 227
223 132
274 163
124 58
18 94
265 130
328 127
99 19
382 193
111 472
99 42
325 227
343 360
91 293
376 465
31 355
408 116
180 317
376 248
187 12
216 51
121 14
79 5
185 249
106 392
402 208
115 335
146 167
456 165
85 274
401 454
347 338
425 93
7 448
115 341
238 101
33 334
441 174
319 497
270 351
84 86
82 497
35 247
381 152
294 367
395 436
474 286
201 294
241 485
447 338
195 409
213 147
12 73
360 416
137 229
114 88
277 358
246 447
431 308
146 275
138 42
175 215
212 235
454 164
393 359
44 67
229 104
114 17
246 256
348 15
74 256
282 389
260 107
6 73
260 278
160 491
457 342
173 72
462 330
235 365
352 139
132 359
246 289
402 227
75 296
133 374
379 437
109 328
192 384
66 148
226 201
342 422
20 448
61 371
473 182
329 367
493 263
275 211
437 468
487 192
78 483
209 43
273 128
44 423
44 446
30 444
98 451
360 141
419 96
114 146
182 415
279 208
438 282
393 188
390 119
170 0
280 220
368 245
469 143
496 196
416 250
249 414
5 250
476 302
109 408
499 262
281 459
233 30
81 472
186 168
24 146
74 166
66 227
287 22
12 258
95 305
48 490
306 135
483 29
234 293
166 316
272 484
318 29
106 273
346 85
30 124
202 154
400 385
284 351
185 257
154 366
341 396
391 364
465 145
16 418
219 171
205 21
385 27
286 84
83 416
434 348
12 18
417 13
8 486
218 362
34 64
333 149
57 71
264 177
354 87
21 476
116 92
312 349
267 430
242 351
350 429
319 441
369 33
133 458
388 237
398 101
476 126
271 174
464 314
173 110
200 233
428 45
219 262
90 306
168 166
351 92
59 419
227 306
481 240
333 314
202 141
237 222
259 298
276 346
49 20
71 488
367 483
408 93
254 142
204 131
397 258
373 60
450 207
253 22
100 379
324 212
228 337
441 373
61 307
100 10
126 21
224 328
443 109
347 313
58 330
102 69
182 317
64 257
107 443
338 201
481 201
234 179
20 133
256 12
224 408
84 324
434 300
109 278
79 484
239 183
304 97
427 455
344 390
169 370
35 284
32 442
357 185
283 228
189 495
