400 800 50 
46 24 37 33 40 24 14 19 46 35 16 21 23 27 34 33 43 42 44 30 41 18 6 17 9 26 11 35 27 1 41 38 11 33 43 39 35 31 29 29 18 15 47 9 34 13 25 11 49 38 15 32 49 20 31 18 32 29 7 47 49 30 12 44 48 16 31 32 28 47 14 47 24 38 20 8 46 34 23 31 4 17 20 43 15 45 34 45 48 44 46 39 47 37 5 14 4 36 38 32 39 27 38 27 38 36 17 15 38 14 39 29 29 35 21 33 34 33 48 37 48 33 45 21 42 26 29 19 49 40 32 46 36 35 25 36 46 34 6 47 38 44 49 41 16 39 3 18 44 39 45 38 47 36 33 49 35 39 12 47 36 37 48 13 21 36 45 13 48 17 19 32 32 31 6 40 34 45 16 37 24 46 17 40 48 40 19 28 27 31 22 25 31 48 30 49 29 36 22 23 42 28 20 41 21 42 0 31 11 9 31 8 48 37 26 33 6 9 14 46 38 23 29 43 40 29 35 39 20 20 21 32 47 5 30 10 45 10 44 43 25 40 9 18 44 42 43 19 23 20 37 39 28 4 8 13 42 12 41 12 26 26 30 44 39 17 42 32 47 44 49 46 49 44 22 3 30 49 1 28 48 38 45 42 46 7 46 45 15 28 40 47 47 19 25 22 43 22 30 7 28 44 22 49 47 31 2 35 45 45 40 0 45 47 43 48 41 26 28 41 42 23 16 46 39 11 18 36 40 27 23 23 16 15 24 39 43 12 25 42 28 49 42 8 48 33 22 19 30 34 37 24 25 41 35 21 49 27 30 41 43 48 27 44 35 36 5 43 36 34 13 35 41 2 33 32 25 37 40 41 10 24 1 46 26 37 44 43 27 10 49 41 26 42 42 37 34 3 24 45
282 198
351 114
175 230
164 33
8 397
330 135
253 324
188 268
84 269
90 48
99 151
223 98
272 397
20 11
138 205
203 112
163 114
138 54
253 311
153 38
13 177
386 397
162 299
226 213
264 35
106 95
286 62
45 137
183 246
268 362
139 178
120 221
65 377
250 117
354 55
7 304
200 281
292 229
114 9
207 274
305 239
317 340
394 318
80 120
183 352
290 68
5 379
184 161
216 41
170 345
243 299
84 319
286 328
153 205
399 186
352 327
338 260
294 132
3 196
11 30
63 260
179 4
389 20
394 185
60 68
50 292
253 86
70 275
163 353
315 82
56 157
209 5
380 65
171 374
299 155
98 189
8 316
87 9
231 8
26 252
363 163
237 341
164 69
270 285
48 83
356 308
349 103
299 293
126 304
216 190
202 265
121 385
104 176
339 151
172 146
222 25
290 124
84 65
398 312
190 2
145 291
112 106
312 347
7 23
8 164
224 292
158 343
309 123
246 97
318 219
29 206
37 371
89 153
133 151
126 179
344 132
209 352
379 220
209 58
31 227
356 88
2 43
107 86
287 47
340 179
172 217
244 45
185 254
397 59
347 248
177 19
387 180
241 371
317 73
5 116
393 368
344 134
99 249
352 285
111 202
373 206
62 66
336 386
169 166
267 338
63 32
164 297
214 201
40 32
99 160
53 211
102 212
247 265
178 215
250 313
114 93
128 172
193 49
304 135
310 210
253 50
181 153
145 79
258 65
384 354
63 323
383 295
300 361
54 113
225 147
28 344
163 205
54 388
201 83
256 12
48 332
141 61
258 253
192 191
101 109
242 213
298 160
77 382
171 128
186 191
72 288
234 97
158 320
202 154
307 273
51 297
284 71
121 398
229 13
158 317
194 180
10 325
32 262
20 19
135 372
10 366
385 184
221 97
91 26
129 291
318 133
42 29
371 167
191 80
318 53
89 376
186 337
338 101
269 107
30 389
223 189
60 307
145 39
293 334
188 362
14 87
51 118
94 250
194 179
70 373
174 167
381 360
161 169
217 385
250 335
257 276
248 196
318 294
35 98
144 66
345 375
6 118
27 320
50 319
73 22
14 394
55 7
269 367
0 228
290 326
266 187
233 121
226 359
260 92
188 372
236 106
264 213
372 127
250 257
210 314
169 201
146 203
380 238
384 17
149 105
248 47
76 378
194 16
286 103
110 181
322 144
351 388
248 3
34 26
55 27
39 295
281 399
15 95
119 69
123 183
256 168
104 365
45 261
51 197
1 15
395 219
375 42
203 36
384 117
267 277
266 356
293 92
159 116
239 56
171 161
163 395
294 249
220 279
240 60
229 319
82 100
219 388
3 287
251 55
207 120
113 336
232 371
104 315
198 192
193 395
133 57
151 223
192 329
130 274
90 196
188 7
164 231
258 292
247 173
13 258
282 241
321 33
285 118
163 14
140 166
286 371
112 347
348 45
21 311
330 248
18 120
303 115
189 39
57 96
64 373
341 35
98 211
176 382
105 1
254 314
292 225
13 122
46 350
289 342
362 245
19 111
215 350
300 78
234 364
120 369
199 375
232 137
255 328
363 38
22 245
114 205
256 16
394 163
246 192
43 118
378 170
262 165
79 238
259 271
248 168
154 235
304 188
54 392
319 52
369 371
249 344
149 217
166 73
227 106
13 79
322 66
124 117
366 81
143 346
91 43
16 330
393 337
278 125
153 148
22 360
73 360
267 326
261 334
364 2
363 49
324 81
294 300
304 251
271 237
314 35
240 124
300 226
359 19
240 273
396 115
365 1
32 92
86 20
328 162
293 63
289 162
52 370
374 362
28 134
345 382
23 287
331 212
140 296
301 92
201 126
188 47
24 314
200 174
27 17
262 260
135 126
147 311
123 159
375 382
192 221
12 304
111 13
386 316
101 290
47 343
379 153
315 10
280 109
125 46
203 374
391 375
214 168
165 323
5 142
24 219
139 301
15 391
131 222
302 124
280 102
292 79
9 24
86 44
283 265
129 259
365 77
297 379
193 163
1 42
354 330
310 271
161 90
43 143
399 368
91 2
275 345
154 283
384 109
72 125
20 79
312 236
183 41
133 254
36 83
338 305
77 100
188 251
197 220
347 398
293 72
382 325
353 392
193 376
368 91
119 252
152 130
268 73
230 240
349 243
76 176
355 326
146 227
49 376
321 159
310 96
189 145
101 276
185 151
80 346
117 338
74 359
293 125
257 27
380 173
342 92
160 129
67 112
374 128
258 52
235 204
149 227
28 383
132 189
73 48
150 313
69 279
138 59
278 155
76 367
27 317
117 307
149 141
40 102
239 165
86 319
192 137
275 311
187 33
27 195
161 296
146 64
300 339
77 378
338 230
280 306
331 305
225 247
295 145
80 207
182 321
156 302
275 105
363 376
384 101
229 225
171 296
116 119
303 112
129 237
38 148
312 83
105 76
146 67
393 2
246 152
294 259
326 240
346 34
369 358
308 316
247 154
53 310
358 167
378 367
242 361
74 223
218 104
68 124
270 182
377 147
182 285
119 209
82 370
391 146
53 151
263 291
392 219
387 267
296 48
30 202
186 221
176 0
169 381
149 312
290 180
336 394
67 236
254 87
23 398
30 79
79 224
386 38
108 173
322 198
199 227
315 325
357 243
177 224
168 36
156 4
303 218
204 154
184 312
170 71
165 305
75 252
199 95
329 232
173 39
356 6
122 202
185 318
243 103
113 376
339 132
390 274
9 344
14 388
281 232
105 391
309 285
352 197
350 342
335 340
194 251
114 336
6 119
94 194
261 348
24 96
341 28
64 391
95 1
110 197
240 109
136 153
241 329
228 82
214 268
93 193
399 137
205 59
289 222
41 270
1 378
19 11
231 266
230 302
34 234
34 191
219 351
325 275
315 44
170 76
225 20
111 173
128 385
108 223
262 72
134 99
285 91
323 46
85 49
159 75
365 284
176 95
389 238
77 52
357 334
390 191
320 355
37 390
143 309
29 64
210 351
297 119
17 276
225 380
315 370
158 330
122 283
61 146
157 175
127 12
277 307
273 158
134 314
325 238
0 70
397 85
392 57
142 252
238 86
387 4
200 62
354 195
337 18
272 148
122 380
98 259
361 291
181 297
234 352
246 358
368 364
328 155
23 296
295 242
244 131
288 139
182 116
21 378
218 284
52 44
255 342
147 389
245 168
114 193
288 255
96 394
131 261
107 377
258 389
49 113
28 35
4 267
53 300
98 298
129 210
74 295
70 366
330 343
228 100
318 333
332 233
389 19
41 390
222 293
314 259
34 216
26 209
297 316
306 277
381 203
154 19
85 93
11 202
10 81
284 95
361 264
15 275
75 190
34 18
370 44
105 29
116 220
126 317
333 336
87 344
5 220
137 174
78 108
270 346
227 61
216 327
271 35
187 379
399 274
78 247
184 196
179 180
43 190
180 355
208 57
204 39
396 199
101 68
130 37
180 307
190 327
56 262
263 383
330 245
136 88
45 155
379 69
25 328
304 140
147 366
126 340
273 150
395 148
121 396
100 269
353 85
208 133
112 332
34 368
94 313
224 204
75 142
15 227
346 58
333 9
149 71
33 220
311 105
245 3
221 37
365 170
