1000 2000 10 
5 9 1 8 4 3 6 7 9 4 7 8 6 7 3 8 9 5 2 5 7 4 8 5 7 7 9 2 9 9 8 3 9 5 9 5 8 7 9 3 4 1 6 8 7 1 8 8 5 2 8 8 5 8 6 5 7 9 3 7 7 5 8 6 8 9 5 7 4 7 9 7 7 7 9 5 9 6 7 9 6 8 8 7 4 8 6 5 9 7 9 9 9 4 7 7 6 7 9 3 5 8 1 5 7 5 7 8 5 5 7 9 4 4 9 8 2 9 7 5 8 5 3 3 3 9 9 7 9 7 9 9 6 7 8 7 8 8 9 5 5 7 9 9 8 3 3 5 4 5 5 7 8 2 6 8 8 5 6 4 3 8 9 6 2 6 8 7 8 9 9 6 9 7 8 6 8 4 9 5 7 9 2 5 9 8 8 8 3 3 4 5 4 5 5 8 3 9 6 9 5 8 7 2 9 9 9 7 9 1 6 9 3 7 5 8 9 8 9 4 7 6 9 5 3 8 6 7 3 4 7 8 1 4 6 6 5 9 2 9 4 4 4 9 8 8 7 2 8 6 6 9 7 6 9 6 7 8 3 9 9 2 5 8 8 9 8 9 3 7 3 3 9 4 5 9 7 6 4 8 5 2 3 6 3 5 9 4 9 8 9 9 9 4 9 8 4 8 7 8 8 4 7 4 6 5 6 9 9 8 9 6 7 7 2 9 8 8 4 9 3 6 8 5 6 7 6 2 6 4 6 7 6 8 8 5 8 7 3 9 9 3 7 3 7 6 7 4 5 4 9 2 4 2 7 9 1 9 9 4 8 9 1 7 8 4 7 9 8 3 4 7 8 8 9 9 8 1 8 8 1 8 8 9 6 8 8 7 9 2 8 8 5 5 8 3 2 7 6 9 5 9 1 9 7 6 5 6 5 9 8 6 6 6 4 2 3 7 4 7 2 4 3 5 9 9 5 6 8 2 8 6 6 5 2 7 8 6 7 8 4 8 6 9 4 4 8 7 9 8 6 7 3 7 9 8 4 9 0 4 8 8 8 8 8 4 8 2 4 5 6 8 9 8 7 6 6 1 1 6 5 7 2 7 4 9 8 9 3 6 1 4 9 3 3 6 4 2 7 9 6 6 9 9 8 9 4 9 5 9 6 3 8 3 6 8 9 7 5 5 5 2 3 9 6 6 5 5 3 5 5 8 3 4 2 5 8 7 6 6 6 6 3 4 8 8 5 8 8 8 9 8 8 7 2 9 4 1 4 6 8 7 8 6 5 9 8 3 7 7 3 9 2 7 8 9 7 6 2 9 7 5 9 9 9 5 7 4 5 3 3 9 8 9 2 9 9 8 2 9 9 3 7 4 2 8 9 7 3 8 8 4 7 9 7 6 2 6 8 7 9 5 7 8 6 9 5 8 7 9 6 8 6 7 5 7 3 3 8 9 9 8 8 5 6 2 6 6 3 4 9 8 5 9 8 9 6 4 5 5 7 8 8 6 9 7 6 9 4 7 8 9 4 7 5 5 5 4 5 8 2 8 3 7 1 6 7 7 5 7 6 5 9 7 3 7 3 9 9 6 8 2 4 4 7 9 6 5 8 9 4 4 9 7 5 9 6 8 9 7 9 7 6 9 6 5 8 9 8 2 8 9 4 3 7 6 1 7 5 8 9 9 8 8 8 5 7 5 9 3 9 6 5 7 1 8 5 7 9 9 4 7 9 9 4 5 5 7 7 8 7 6 9 8 9 7 9 5 7 1 1 5 4 8 9 6 3 3 9 6 6 9 9 7 5 9 8 7 6 8 7 6 5 8 9 5 4 4 9 5 2 9 7 8 9 9 6 8 7 8 9 9 5 9 6 5 6 6 6 8 6 3 4 7 9 4 3 8 6 5 8 2 4 6 7 8 0 9 8 5 1 4 6 7 9 6 1 9 7 6 7 9 2 6 5 9 9 4 1 3 7 6 6 7 6 6 7 8 7 8 4 9 9 6 7 6 4 3 4 9 6 7 6 6 7 4 7 4 9 9 8 4 5 7 9 6 6 5 3 2 2 6 5 7 2 7 6 9 7 9 8 8 9 5 7 3 5 6 3 5 9 4 3 8 7 7 9 9 8 8 8 7 8 7 7 7 6 6 9 8 7 4 8 8 9 9 9 4 9 3 6 9 4 8 5 7 7 4 1 6 8 8 9 9 7 6 5 9 8 6 2 5 8 9 2 6 8 4 5 6 6 7 7 4 9 6 8 6 8 7
881 323
651 115
352 800
491 821
119 605
636 428
912 180
813 706
255 729
541 208
656 280
445 758
324 545
579 10
193 965
930 987
178 426
921 690
93 316
49 193
32 804
865 583
25 158
483 881
975 24
261 557
713 440
733 616
894 452
506 576
911 116
802 892
229 296
21 890
389 488
123 957
919 974
27 601
987 869
212 267
675 767
240 882
427 808
351 404
341 497
564 935
430 299
863 28
105 834
144 997
491 611
979 314
757 43
79 254
422 127
135 366
924 424
900 466
496 170
536 94
21 995
111 959
865 965
173 432
982 647
147 616
748 523
381 232
871 640
392 63
639 44
858 355
737 350
976 75
516 48
278 877
257 724
298 376
296 910
670 196
954 661
666 335
875 68
905 242
297 154
439 960
709 993
402 427
763 220
384 32
812 828
840 741
249 909
831 761
532 729
989 226
726 762
321 261
142 315
756 994
228 569
788 878
295 0
305 817
775 931
459 77
949 348
645 809
211 2
689 149
779 655
124 590
303 628
488 380
631 778
772 988
397 936
134 837
516 475
889 418
281 930
611 603
127 31
662 406
888 58
51 326
970 994
978 835
72 64
458 702
133 841
711 957
588 213
189 71
194 839
396 482
921 769
669 295
610 470
248 897
700 654
985 11
15 623
87 242
283 642
965 548
738 326
884 538
351 697
512 57
923 577
735 228
451 593
477 51
569 890
860 943
863 8
76 407
554 951
87 240
854 66
637 898
889 916
728 278
674 681
147 960
711 688
668 554
43 297
374 629
630 929
505 594
974 156
283 286
314 32
80 0
402 156
635 523
773 450
942 528
872 684
97 819
6 316
864 464
653 76
757 154
62 825
131 206
132 583
467 589
545 316
922 732
70 53
776 798
567 643
389 360
370 662
952 167
876 319
775 78
864 988
853 415
98 12
574 910
903 207
910 894
790 464
650 141
444 200
394 698
565 282
577 232
718 217
445 768
724 180
643 153
483 431
634 222
677 538
984 660
359 704
469 528
394 200
613 99
924 236
751 296
421 866
615 387
420 996
734 54
762 76
973 944
676 334
154 9
595 356
808 875
246 764
464 152
417 950
399 175
54 502
929 236
595 898
677 236
505 481
955 164
945 967
442 549
433 270
635 847
967 52
959 112
796 938
103 468
848 21
663 432
892 653
856 630
272 933
789 227
179 697
870 143
155 570
323 990
975 416
384 276
861 648
148 539
135 109
149 229
611 89
56 87
237 873
409 429
219 564
857 899
585 604
537 66
153 133
465 635
279 342
359 753
432 175
808 370
738 437
361 708
646 311
498 425
950 789
126 398
138 451
453 919
778 613
523 575
756 909
895 745
711 671
4 683
106 866
99 125
341 88
648 616
159 0
654 162
855 313
311 63
326 498
330 8
271 762
848 392
163 327
336 212
105 673
756 920
258 12
981 591
937 165
457 26
111 199
367 424
686 731
325 35
131 374
224 933
391 465
286 49
773 12
863 362
462 587
93 515
666 920
122 385
992 999
899 4
430 327
983 60
503 901
204 967
130 527
649 1
142 313
833 518
335 956
61 608
968 392
752 427
348 714
750 528
42 258
902 913
117 179
533 473
154 293
989 666
216 141
147 359
961 337
24 614
46 413
33 803
554 505
259 764
592 443
51 281
807 862
330 631
456 198
878 578
214 806
810 227
135 893
231 275
663 209
668 92
816 206
624 319
795 311
237 510
915 7
55 102
275 703
764 269
798 265
223 882
100 819
188 708
7 139
700 861
264 783
565 927
244 523
400 680
989 416
741 661
264 721
353 645
25 678
177 602
167 484
773 506
167 20
926 169
229 67
22 570
93 633
260 320
934 434
542 824
849 332
720 558
495 230
499 405
384 503
509 555
968 181
205 371
236 91
310 184
685 672
213 338
84 243
651 649
821 866
771 871
584 176
250 50
548 46
141 763
346 814
568 929
449 426
526 606
522 893
484 534
191 256
888 449
32 874
117 617
853 662
253 943
565 932
9 243
577 374
398 881
972 611
368 275
555 551
504 247
612 61
574 981
877 412
700 271
960 571
7 182
754 302
938 633
118 758
950 362
792 113
113 836
875 179
186 158
377 11
518 514
965 601
58 999
504 327
310 190
674 466
76 886
241 4
287 216
919 41
916 97
140 548
865 265
428 367
270 214
785 608
116 664
481 924
133 43
307 897
212 830
370 117
783 37
588 457
267 724
964 552
554 104
246 102
960 404
788 635
356 518
185 735
617 832
232 136
679 204
456 691
568 75
329 762
84 424
126 309
946 958
627 28
510 449
914 294
962 966
122 1
390 610
120 348
284 112
624 721
389 12
508 361
581 482
625 485
840 702
65 244
92 62
832 308
277 787
38 786
98 519
660 469
873 903
535 190
920 667
531 197
221 614
557 492
62 649
749 63
183 333
924 376
543 818
252 701
26 558
552 947
833 257
511 436
463 583
504 837
534 650
664 811
566 309
472 707
405 419
605 34
142 197
270 598
895 697
570 88
529 777
7 738
776 486
36 621
228 60
541 978
681 116
344 118
489 479
320 285
134 822
456 658
286 36
803 994
626 181
631 913
700 351
462 747
836 792
24 37
384 706
85 288
626 995
385 357
735 258
653 410
15 396
967 813
207 219
876 956
179 317
442 620
696 750
858 672
791 801
908 737
922 606
414 985
805 273
11 324
716 304
842 804
863 32
282 855
350 354
622 171
370 709
556 877
975 784
858 731
634 531
265 632
688 957
191 859
954 25
200 204
427 839
788 549
312 390
406 599
839 370
238 514
461 890
678 408
894 751
660 508
445 495
442 309
669 723
705 90
498 344
258 953
559 798
979 585
235 720
18 682
604 542
198 696
275 453
470 510
999 107
197 932
548 209
87 658
523 249
343 857
431 715
879 438
655 567
493 989
684 107
996 624
498 259
579 646
894 746
132 965
306 346
716 358
216 535
866 306
517 247
393 85
649 357
985 589
648 644
199 741
780 668
596 425
746 530
495 512
407 151
160 740
575 994
728 162
544 537
514 886
719 610
164 241
0 514
570 341
230 587
468 165
264 507
212 724
521 659
13 425
568 942
189 953
336 239
839 853
601 835
337 525
444 345
999 470
531 400
324 39
410 76
668 367
800 332
751 828
16 121
76 97
227 706
178 470
495 158
86 198
484 535
333 450
30 545
883 161
772 842
270 21
811 304
166 742
524 578
502 470
40 563
474 571
210 478
747 79
117 147
992 470
121 499
382 615
852 944
440 591
972 388
845 836
57 340
7 955
270 106
535 729
169 619
713 591
923 519
53 334
182 435
923 722
379 284
139 259
298 880
855 692
244 871
607 231
226 234
372 274
296 38
811 563
922 520
523 592
64 978
774 163
483 54
762 656
876 788
889 336
146 691
143 642
834 777
896 810
166 841
904 390
608 419
678 473
461 292
854 559
387 246
381 245
527 198
907 985
303 946
928 304
586 367
782 968
385 469
223 843
477 368
659 583
959 458
735 42
712 518
72 925
866 546
243 636
15 513
86 976
544 665
710 620
820 666
897 951
45 159
555 646
317 250
354 909
136 458
139 915
588 128
917 856
789 772
866 740
634 513
285 781
77 488
699 523
397 515
884 668
168 572
230 588
149 261
607 326
535 141
943 197
861 119
869 250
656 490
73 692
155 576
978 525
466 499
832 0
859 754
395 519
990 378
846 440
371 568
560 785
677 645
761 579
690 991
834 807
69 437
241 980
670 304
889 556
308 745
232 131
170 594
82 222
14 711
209 222
574 67
398 378
794 911
826 322
164 851
493 911
462 764
253 73
374 519
279 68
378 725
831 21
695 129
838 564
939 402
117 351
600 671
612 536
48 19
31 348
770 666
420 909
381 995
973 448
489 867
958 876
409 557
430 20
369 990
291 135
163 952
835 550
759 746
835 347
491 240
612 828
579 905
76 644
968 380
719 872
794 479
822 327
800 424
672 520
622 600
812 746
828 801
396 66
5 472
256 608
794 290
6 340
396 386
242 59
302 95
382 414
164 895
799 721
928 765
35 83
207 734
232 777
962 22
395 380
756 101
552 194
14 307
137 532
507 566
906 765
124 314
485 413
829 299
717 541
274 981
293 166
369 891
565 973
216 255
779 65
730 779
205 361
114 84
214 501
102 495
477 41
540 638
217 982
332 1
82 763
244 494
785 440
167 100
201 825
383 229
46 44
281 703
841 419
158 455
594 809
998 294
193 835
383 18
328 572
762 356
417 887
266 481
157 529
412 641
966 720
981 785
816 959
759 349
766 410
181 816
45 571
357 361
29 632
280 177
12 995
913 369
352 686
760 739
95 161
967 925
194 745
368 194
210 201
925 347
541 676
186 225
313 680
401 143
59 357
569 722
820 566
211 981
20 299
503 835
52 337
142 255
316 747
18 108
62 568
930 164
271 712
353 441
931 224
393 288
408 467
360 488
566 647
820 799
592 770
221 524
757 355
417 403
852 463
971 675
111 284
773 98
618 366
635 909
885 570
348 779
912 830
162 267
564 17
823 321
937 662
434 953
47 313
699 391
876 322
916 364
376 115
990 715
982 264
74 717
463 222
830 833
884 352
128 500
173 175
904 913
163 565
667 101
681 989
473 547
497 573
555 953
10 882
457 529
963 268
116 674
625 961
523 226
811 493
987 324
837 364
266 856
396 262
487 192
992 792
728 886
386 482
923 78
585 961
461 506
795 805
133 560
518 971
288 814
613 107
527 268
4 545
103 373
539 553
730 218
749 827
273 75
584 687
111 587
13 414
103 607
16 274
174 863
378 233
597 517
347 810
611 433
424 562
165 947
601 486
612 372
119 971
106 598
243 428
626 157
871 784
328 563
560 40
179 760
215 173
898 522
607 477
574 742
963 568
478 471
630 210
671 672
748 784
146 649
652 397
352 924
137 285
241 453
732 693
555 273
171 594
444 337
21 598
388 491
183 389
631 426
565 829
85 619
368 231
792 144
553 331
364 356
573 862
304 354
441 825
971 412
300 686
670 116
254 272
146 19
528 371
496 586
627 542
474 861
947 342
149 688
980 69
680 47
218 251
28 337
858 166
565 535
554 429
843 761
253 82
115 478
392 363
400 944
657 633
342 552
300 496
640 681
422 489
892 532
345 679
3 716
733 150
481 880
90 694
496 693
997 845
484 299
788 803
371 75
460 713
987 939
879 732
874 53
690 208
884 554
38 405
301 287
977 936
920 226
2 251
689 318
328 737
596 252
915 118
503 74
566 335
289 789
596 397
637 260
70 289
399 581
589 755
765 358
782 77
728 267
482 485
643 40
696 984
599 34
965 173
678 316
740 501
307 823
355 693
919 7
946 914
57 408
319 309
503 810
956 24
855 659
348 536
423 244
299 597
683 869
946 628
940 588
621 209
303 891
57 13
119 571
277 290
248 636
14 429
621 634
318 438
156 964
178 331
907 139
439 474
442 876
119 960
755 139
364 291
259 241
923 199
688 910
45 117
833 971
362 769
763 190
467 340
196 221
395 284
752 279
545 678
454 629
775 213
422 423
208 32
665 813
714 949
431 323
150 832
797 202
368 919
72 772
650 927
397 764
915 652
298 104
775 55
485 29
992 331
124 525
585 337
870 52
211 440
950 845
221 803
774 837
298 809
576 934
783 319
828 16
718 322
354 234
699 217
417 609
661 629
882 160
909 101
661 701
904 838
617 406
125 631
172 560
980 607
443 3
340 128
944 282
275 50
77 461
958 483
112 22
160 511
59 146
565 522
894 229
471 800
575 33
451 756
195 130
814 188
720 181
829 339
354 391
584 487
431 561
123 757
914 820
308 580
679 503
716 221
827 89
526 452
810 74
867 423
839 662
667 249
625 262
543 341
169 433
559 345
988 8
355 129
165 753
988 613
140 432
567 466
405 981
513 852
619 882
26 885
964 739
690 772
202 107
476 971
693 104
728 34
37 647
137 163
846 742
921 789
665 865
150 964
966 395
363 540
969 388
201 198
496 800
809 307
25 246
448 932
510 426
154 530
141 310
247 109
852 36
688 526
824 53
996 138
18 526
874 609
70 842
204 601
160 89
917 630
523 909
253 521
724 556
454 543
187 991
112 777
102 768
273 85
320 819
768 397
367 924
316 954
88 818
688 682
752 937
748 664
153 908
101 420
742 812
605 971
199 272
938 23
784 803
300 636
42 831
945 559
538 649
678 343
776 401
457 458
833 151
600 880
644 406
726 641
21 42
674 871
123 622
827 363
68 342
356 238
138 784
120 422
983 380
587 533
317 709
318 296
831 598
540 21
174 8
708 195
861 418
153 96
169 744
32 503
549 483
574 608
705 941
699 666
29 943
986 80
445 582
734 888
975 575
761 433
953 638
246 93
161 166
605 407
949 460
522 653
799 37
703 851
657 512
606 910
826 998
265 386
227 72
43 95
428 352
261 355
920 784
185 773
266 496
292 890
154 318
581 663
793 969
438 751
704 739
120 859
934 360
529 112
737 928
193 444
578 876
151 97
411 386
956 847
19 385
55 136
476 159
743 229
643 655
288 926
971 877
639 365
428 349
53 559
896 140
487 745
583 855
651 92
191 96
943 313
599 356
101 670
547 764
875 580
675 407
157 782
580 727
145 831
263 624
605 76
329 212
798 642
96 372
512 500
521 310
689 409
430 927
125 887
469 122
73 943
716 563
340 186
597 220
64 854
393 658
896 411
610 553
226 635
256 536
505 736
636 736
847 803
660 19
917 562
221 710
826 233
176 939
50 985
687 545
284 885
766 712
743 858
292 558
357 696
847 975
269 387
205 963
652 936
507 699
137 327
734 152
726 407
245 395
168 911
551 843
54 8
315 692
703 7
279 373
274 688
145 106
898 618
610 707
243 520
318 557
9 731
780 815
170 823
880 300
621 583
379 232
733 147
683 980
258 145
970 226
447 27
135 762
825 446
899 57
610 864
99 904
800 441
56 273
462 23
590 187
134 781
572 494
886 616
797 152
641 97
950 541
791 499
198 1
993 373
743 9
446 242
466 244
997 124
476 733
593 635
380 782
373 919
155 389
476 605
308 45
453 703
828 95
984 242
38 321
837 135
561 935
193 283
180 238
702 232
60 21
144 17
338 246
182 584
343 259
948 850
788 196
985 435
646 87
554 645
220 327
493 787
604 32
663 623
640 906
339 448
494 674
728 239
202 887
47 197
452 166
952 301
559 813
652 545
893 602
598 89
99 480
989 770
475 849
764 687
872 888
722 488
457 395
836 684
404 616
841 791
60 292
64 901
695 114
14 104
807 588
547 936
603 546
255 163
175 411
3 640
933 105
916 504
12 576
515 128
701 340
144 613
418 767
65 31
898 532
312 790
808 752
660 446
173 184
91 471
476 752
954 252
583 49
45 700
285 20
33 620
685 600
117 194
323 715
781 339
39 589
726 767
486 901
987 377
222 482
563 908
331 464
225 230
54 207
726 278
83 306
550 337
436 603
642 365
997 480
643 372
883 67
948 686
879 318
794 354
883 297
602 260
864 707
487 156
778 5
226 489
127 277
376 478
585 289
330 863
222 659
63 814
550 537
764 340
621 197
742 883
977 344
78 111
349 492
848 461
173 513
697 117
155 782
544 798
215 220
129 104
120 928
34 886
725 207
682 438
291 216
812 383
17 873
186 455
99 988
508 81
203 786
665 347
492 438
440 499
981 894
191 302
922 321
41 703
859 911
427 607
701 454
111 224
254 23
325 866
753 704
507 524
953 749
692 852
456 651
918 490
267 257
329 918
197 253
58 233
759 858
416 354
644 45
702 272
458 840
794 494
902 797
444 870
925 334
942 357
162 0
406 616
192 468
455 533
562 668
89 546
434 98
932 534
887 539
352 367
89 363
744 10
262 860
676 27
175 36
224 673
74 204
467 30
63 821
350 928
545 344
691 984
92 86
942 658
281 373
37 956
115 198
885 380
725 935
145 806
286 143
38 375
646 868
907 39
782 245
653 595
619 805
536 328
699 249
940 775
578 420
238 726
420 614
211 94
773 380
686 780
902 872
758 13
507 635
686 516
459 235
474 80
808 41
499 65
862 131
98 576
162 986
140 642
162 439
597 522
901 625
26 543
171 732
980 259
271 599
855 253
931 633
963 926
643 791
87 35
957 154
989 667
394 175
992 148
403 305
453 51
184 531
811 681
655 302
999 152
779 674
875 0
528 195
200 143
343 582
818 78
505 910
723 727
401 810
517 291
110 991
281 402
689 957
287 522
920 33
864 792
684 8
730 608
593 335
999 888
972 71
774 287
773 388
355 600
977 939
297 499
469 62
70 314
846 574
876 710
71 638
351 662
327 329
62 115
632 15
208 110
143 798
945 503
689 894
758 615
924 651
362 988
769 28
893 100
671 689
976 81
651 75
255 301
701 796
383 375
967 447
868 273
263 826
265 140
771 909
673 818
293 149
157 673
524 33
127 65
473 30
132 399
989 358
118 259
977 437
874 174
446 48
67 375
910 682
970 3
567 422
681 970
302 460
811 906
549 319
293 846
338 495
317 808
648 580
687 547
953 12
970 756
110 187
320 216
82 944
958 891
509 821
999 237
914 24
743 682
317 415
160 71
899 687
44 665
208 289
903 480
694 107
260 247
721 37
121 591
109 802
368 939
761 421
677 780
0 351
586 736
742 751
670 784
608 96
150 342
209 860
311 814
627 804
969 638
215 729
363 972
775 272
751 108
237 797
60 519
193 698
754 900
31 494
732 383
276 717
410 898
202 152
566 666
416 770
57 254
28 921
350 664
388 450
275 7
716 116
655 591
492 689
590 472
759 957
516 471
714 172
188 905
248 924
615 899
908 2
546 619
622 711
331 990
850 951
543 55
149 530
515 213
71 450
786 742
851 176
758 755
361 844
53 28
346 223
52 334
910 161
766 97
50 176
91 815
583 965
405 274
817 941
203 133
183 270
248 409
831 953
419 786
309 510
374 570
189 793
858 688
731 349
409 424
961 870
571 239
704 697
147 342
161 746
844 456
468 869
21 603
377 985
