1225 7 4
6 1 6 6 6 5 4 4 2 2 5 3 1 0 3 0 1 5 0 4 2 1 2 1 4 6 6 3 4 1 1 4 0 3 0 3 3 3 6 1 5 0 6 4 4 5 6 0 3 5 1 5 0 5 0 1 0 1 3 4 4 6 0 4 0 4 2 2 6 1 4 4 1 6 0 6 6 0 5 6 5 1 6 0 1 3 6 2 6 5 0 3 0 3 2 6 1 5 0 6 3 4 6 4 3 1 3 2 5 4 2 6 3 0 4 5 5 4 0 4 1 6 5 0 4 2 4 0 5 5 1 0 2 6 1 0 6 3 3 4 2 6 4 6 1 5 4 5 4 6 6 6 6 4 2 6 0 2 5 0 4 0 1 6 3 0 4 0 6 3 3 0 2 5 2 2 6 3 4 1 5 2 2 3 3 6 1 3 4 6 1 2 2 5 6 3 4 3 4 2 6 6 5 5 0 4 6 1 6 2 2 3 3 5 1 0 2 2 4 0 4 5 2 3 4 0 1 4 2 1 6 5 5 0 2 6 6 5 2 4 3 4 3 5 4 0 6 4 5 2 2 0 0 6 0 5 6 3 6 1 2 3 1 5 1 6 2 0 5 3 4 2 0 3 5 0 6 6 5 5 6 5 2 1 3 4 1 3 3 2 2 4 1 5 1 3 5 6 2 1 3 6 4 4 2 5 1 2 3 1 1 5 3 3 0 3 6 4 6 4 3 0 1 6 5 5 6 4 0 1 3 3 6 2 1 0 0 1 1 4 6 2 1 2 3 4 3 5 6 0 3 3 5 4 6 4 6 3 6 4 4 2 1 6 2 0 0 0 2 2 2 2 6 1 5 0 2 6 3 6 4 0 0 0 5 1 6 1 4 0 2 0 3 1 6 2 2 6 4 0 1 3 2 6 0 1 5 2 0 5 6 3 3 3 6 6 5 5 2 6 2 6 6 0 1 4 5 1 0 6 1 2 5 0 1 4 0 0 0 0 6 0 0 4 1 3 2 5 6 5 5 4 3 1 4 6 3 3 2 3 4 1 3 0 2 5 2 0 0 5 5 5 3 1 3 6 0 3 5 2 6 4 0 2 6 4 0 6 1 6 6 2 6 3 2 3 3 3 0 3 3 2 6 4 1 0 1 5 4 3 5 6 5 2 5 0 6 6 6 2 4 0 5 6 1 4 6 3 4 1 2 4 4 1 1 6 0 5 0 3 3 0 2 5 2 3 2 6 0 3 5 1 3 6 2 4 5 0 3 0 3 5 5 1 4 6 3 0 2 1 4 1 6 4 4 3 5 1 1 6 2 6 5 5 2 1 0 5 6 4 3 5 6 3 1 0 2 6 1 0 2 6 1 4 0 5 5 5 5 4 6 2 2 4 2 0 4 2 1 6 1 1 2 4 2 6 3 3 3 4 0 6 6 1 6 3 6 5 3 3 0 6 3 1 4 6 2 6 0 2 3 6 4 5 1 2 5 6 3 2 3 1 0 4 5 4 4 2 5 1 1 5 3 5 1 5 5 4 3 2 6 6 5 0 5 0 0 3 1 0 4 3 0 5 3 2 2 1 5 5 5 6 5 4 3 0 1 5 6 1 4 2 1 4 0 4 1 4 3 2 2 6 1 6 6 2 1 4 0 5 4 2 0 0 4 6 2 3 1 3 3 6 1 3 1 5 6 1 5 1 4 4 4 2 0 0 5 6 3 6 5 4 2 2 2 1 5 2 2 1 0 3 6 0 2 4 4 6 5 5 2 1 5 0 4 3 1 4 6 1 4 6 6 6 6 3 4 5 2 3 3 6 3 3 2 0 5 6 6 2 1 1 0 3 1 3 4 5 3 5 5 1 0 2 4 4 6 6 4 2 3 6 2 1 5 2 4 3 1 1 6 2 4 3 5 3 5 4 6 5 1 4 0 4 0 2 4 5 0 0 1 2 4 2 3 4 0 1 6 1 2 0 4 2 0 4 6 2 3 4 3 6 1 0 3 3 0 4 3 6 5 6 1 6 3 0 2 5 3 6 0 0 4 2 1 2 1 1 1 6 4 6 1 6 0 6 6 4 5 4 2 6 2 0 5 1 0 1 2 6 1 2 5 1 2 2 1 4 3 2 2 6 1 1 4 2 1 3 1 5 2 2 2 2 4 6 1 5 5 4 6 6 5 4 6 1 4 3 2 2 5 6 3 6 3 1 3 1 4 4 2 2 5 6 4 4 6 1 5 6 0 2 4 0 2 0 4 4 0 3 4 5 2 5 6 6 2 0 3 4 4 2 3 2 2 6 3 1 5 3 5 1 0 3 3 3 4 2 4 1 2 3 4 6 2 6 0 6 4 1 2 2 6 6 5 3 6 3 3 1 0 1 2 6 3 2 0 2 3 4 0 4 3 4 2 1 2 1 0 3 4 5 3 3 1 4 5 2 3 6 6 3 5 3 3 3 3 0 0 3 6 2 1 3 0 5 2 6 1 4 3 3 6 3 6 5 2 4 6 3 0 2 2 4 3 1 2 4 0 1 3 3 2 6 5 0 6 2 0 2 0 6 5 6 3 3 4 0 6 0 6 4 3 2 3 2 3 4 1 3 3 4 5 0 2 4 4 6 4 5 0 2 5 4 5 4 0 2 0 4 5 3 6 6 4 4 4 1 3 5 1 0 6 6 3 6 2 5 5 1 3 2 4 6 2 5 2 4 0 3 1 3 4 4 3 2 6 0 2 6 5 4 2 6 1 4 0 6 0 6 1 0 3 6 4
122 123
764 767
785 786
295 296
902 903
347 349
16 17
402 403
144 146
934 935
548 551
595 596
1078 1080
537 539
1223 1224
802 803
632 636
516 518
1106 1107
1057 1058
953 955
282 286
109 110
89 94
427 428
497 498
841 845
621 622
592 594
893 894
1139 1140
59 60
1143 1144
165 166
46 47
722 723
1212 1213
688 689
37 39
196 197
864 865
1139 1141
386 389
631 632
748 749
480 485
1166 1168
127 128
641 643
1128 1129
1053 1054
615 616
438 439
596 597
868 870
865 867
195 203
107 108
695 696
152 155
393 397
109 111
893 895
172 173
988 989
1183 1184
84 85
540 544
700 701
1096 1099
613 615
262 263
527 528
847 848
526 546
1169 1170
1103 1104
1175 1185
429 430
397 398
10 14
759 760
465 466
165 167
70 71
1030 1031
914 915
595 681
1117 1118
483 484
828 829
991 992
1177 1178
256 257
890 891
668 669
203 204
462 470
693 727
728 729
1073 1074
24 26
448 453
1196 1197
334 335
668 675
1009 1013
785 789
683 684
687 688
1109 1110
6 43
229 230
408 409
431 432
352 364
525 526
200 201
7 8
585 587
717 719
899 900
1096 1097
497 499
98 99
567 568
17 18
496 497
998 1000
1060 1061
175 176
723 724
353 354
66 67
753 754
881 882
432 433
196 200
350 400
878 879
454 456
570 571
598 613
1106 1108
508 509
897 898
65 73
1192 1194
394 395
905 907
121 122
1102 1103
306 307
264 266
639 640
909 911
361 362
51 52
45 46
975 977
1216 1223
161 162
1102 1109
242 251
440 441
854 855
1077 1081
414 415
436 437
1001 1009
380 381
411 413
795 799
900 908
337 338
736 737
736 739
1064 1065
778 782
527 535
900 901
418 419
981 982
194 195
1061 1062
1023 1025
760 761
328 329
408 410
555 556
739 741
486 489
447 448
656 657
3 306
918 919
983 984
188 189
281 289
803 804
403 404
153 154
1076 1084
669 672
64 76
252 253
651 652
248 250
334 336
66 70
812 814
20 22
528 529
1061 1113
64 65
666 667
392 393
1142 1146
191 192
535 536
819 820
1207 1208
1037 1038
35 36
381 382
240 241
747 750
314 315
226 227
601 604
529 530
416 417
1205 1206
1065 1069
760 762
286 287
114 118
273 277
16 20
829 831
9 10
1131 1135
493 495
969 970
397 399
441 443
1162 1163
563 566
660 663
281 282
94 95
959 961
1069 1070
283 284
212 213
467 469
811 812
703 707
30 31
592 593
729 736
405 406
1172 1174
0 1
644 645
535 540
1094 1095
1188 1190
319 321
1172 1173
1136 1137
1208 1209
170 171
113 114
615 621
1015 1040
67 68
630 639
842 843
730 731
880 881
242 243
583 584
340 342
307 350
1084 1085
6 7
967 991
191 261
340 341
303 305
57 58
698 699
1125 1126
841 842
343 344
775 802
696 703
1054 1057
929 937
407 411
1085 1086
1037 1039
1197 1198
432 436
424 425
189 190
1099 1101
139 140
1154 1158
355 356
43 44
864 868
259 260
812 813
1002 1006
157 178
1133 1134
384 385
221 222
703 704
77 78
625 627
228 236
1152 1153
1047 1049
192 226
1118 1120
681 693
925 927
1050 1051
223 224
296 300
997 998
1115 1116
681 682
352 353
901 905
805 806
1158 1160
82 83
1058 1059
84 86
1113 1114
1018 1019
27 28
378 392
448 449
1163 1165
1063 1064
675 679
750 751
725 726
584 588
149 151
711 712
1214 1215
1052 1060
175 177
753 763
829 830
1188 1189
1090 1091
994 995
601 602
733 734
113 121
487 488
868 869
36 37
619 620
835 838
529 532
1028 1036
507 515
700 702
329 330
209 210
727 753
1104 1105
795 796
756 758
95 96
89 90
1149 1151
463 464
804 807
1129 1130
901 902
159 164
1170 1171
1023 1024
358 360
821 1052
134 135
23 27
147 148
367 368
1040 1041
1 2
87 88
387 388
160 161
1186 1187
600 607
101 102
982 983
878 888
821 822
822 823
1202 1210
902 904
743 744
282 283
799 801
650 651
575 576
280 295
112 113
717 718
843 844
549 550
461 478
1163 1164
884 885
114 115
450 451
964 965
914 921
444 446
604 605
636 637
237 238
277 278
709 710
763 764
502 503
737 738
824 825
522 595
886 887
344 345
1089 1090
1130 1142
475 477
4 5
697 698
561 562
558 559
1040 1045
492 493
1066 1068
280 281
744 746
865 866
779 780
847 854
826 827
88 89
1166 1167
78 80
952 953
23 24
1158 1159
209 211
178 179
861 862
1124 1125
1045 1046
251 256
566 567
581 582
509 511
247 248
993 994
670 671
1218 1220
547 548
1009 1010
928 929
402 414
274 275
122 124
802 810
908 909
1200 1201
807 809
607 610
1022 1026
91 93
0 519
373 374
928 943
44 45
540 541
731 732
704 706
1066 1067
875 876
922 923
578 579
1121 1123
694 709
461 462
263 264
1200 1202
27 29
48 50
1019 1021
532 533
739 740
875 877
582 583
1046 1047
74 75
1091 1093
1198 1199
1088 1102
168 169
475 476
827 828
386 387
807 808
362 363
591 592
697 700
508 512
908 912
621 625
1042 1043
471 472
921 922
583 591
632 633
350 351
1146 1149
274 276
1006 1007
1033 1035
661 662
5 133
943 944
520 819
401 418
1152 1161
796 797
937 940
425 458
597 598
937 938
297 298
329 337
862 863
499 500
861 878
256 259
940 941
90 91
776 777
52 53
992 997
364 365
950 951
951 952
599 600
220 221
546 547
262 280
1216 1217
366 367
922 924
206 207
694 695
98 100
952 956
269 270
730 733
1202 1203
1214 1216
660 661
130 131
230 231
779 781
286 288
754 755
20 21
1210 1211
263 269
728 742
815 816
237 239
292 294
1217 1218
371 372
989 990
966 1015
951 958
1010 1011
346 347
251 252
1029 1030
810 811
1116 1117
1135 1139
566 570
777 785
1199 1200
524 580
526 527
309 310
858 859
645 647
915 916
541 542
950 963
193 206
379 380
1149 1150
1097 1098
782 784
1113 1115
213 215
318 319
115 117
78 79
548 549
851 852
356 357
530 531
1028 1029
791 795
523 524
289 292
863 871
1177 1182
87 112
270 271
1155 1156
433 435
101 106
754 759
978 980
1073 1075
472 474
51 55
169 170
213 214
921 925
366 373
1063 1076
659 665
2 3
253 255
992 993
710 711
311 312
968 981
525 561
742 747
1199 1212
485 486
1153 1154
267 268
890 892
822 896
223 225
180 183
622 623
58 59
351 377
629 630
354 355
142 143
1060 1128
440 444
482 483
197 198
1147 1148
292 293
389 390
11 12
1090 1094
1128 1175
248 249
32 33
43 87
763 770
486 487
1179 1181
355 358
819 821
81 82
693 694
81 84
283 285
516 517
428 429
771 772
555 557
981 988
598 599
164 165
88 101
331 333
747 748
1175 1176
607 608
40 41
152 153
1081 1082
773 774
1213 1214
974 978
505 506
155 156
118 120
1001 1002
52 54
228 229
1081 1083
300 301
319 320
269 273
364 366
1099 1100
1076 1077
1162 1166
47 48
389 391
460 461
233 234
1191 1192
67 69
767 768
1129 1152
617 618
709 722
519 520
381 383
974 975
481 482
575 577
1022 1023
46 51
544 545
562 573
667 668
916 917
401 402
1033 1034
616 617
828 832
1176 1177
816 818
574 575
471 475
467 468
144 145
848 851
871 875
229 233
896 966
918 920
459 460
1179 1180
956 957
825 846
430 438
179 180
855 857
574 578
480 481
226 242
271 272
374 376
786 787
1118 1119
400 401
1054 1055
838 840
317 318
969 974
1046 1050
106 109
159 160
684 685
479 480
776 791
872 874
103 105
501 502
404 405
628 666
1130 1131
351 352
311 317
775 776
778 779
322 326
915 918
428 457
710 716
652 653
659 660
929 930
551 552
485 492
493 494
930 934
1117 1121
1052 1053
848 849
453 454
507 508
1085 1087
1016 1017
433 434
374 375
444 445
1110 1111
883 886
1003 1004
554 558
1036 1037
835 836
690 692
174 175
161 163
930 931
70 72
1182 1183
1041 1042
1091 1092
313 314
207 212
855 856
345 346
846 847
562 563
1062 1088
967 968
687 690
970 971
772 773
1154 1155
309 343
1110 1112
37 38
1003 1005
599 612
1132 1133
261 262
863 864
236 237
183 185
133 186
667 680
420 421
438 440
118 119
1221 1222
676 677
596 628
426 427
1006 1008
536 537
729 730
1146 1147
512 513
297 299
425 426
244 245
879 883
411 412
824 861
462 463
608 609
219 220
380 384
570 572
441 442
1072 1073
982 985
322 323
1136 1138
872 873
142 144
723 725
9 15
138 139
464 467
243 244
58 62
310 328
115 116
521 522
3 4
912 913
2 424
563 564
347 348
897 949
136 137
564 565
944 947
684 686
10 11
985 987
1218 1219
777 778
810 815
888 889
521 771
714 715
207 208
871 872
45 57
1161 1162
791 792
1013 1014
126 130
326 327
137 142
236 240
289 290
512 514
971 972
690 691
134 157
652 654
838 839
308 309
148 149
792 793
1187 1188
767 769
4 187
750 752
547 554
676 678
394 396
712 713
130 132
1185 1186
663 664
558 560
233 235
604 606
744 745
633 635
515 516
648 649
931 933
940 942
947 948
823 824
157 158
645 646
998 999
1030 1032
716 720
585 586
644 648
204 205
504 505
889 890
430 431
489 491
133 134
519 1195
208 209
393 394
573 574
450 452
125 126
883 884
1002 1003
625 626
789 790
55 56
192 193
925 926
600 601
138 141
909 910
774 775
782 783
230 232
323 325
65 66
103 104
1217 1221
500 501
1064 1072
1204 1205
464 465
509 510
1169 1172
742 743
1017 1018
1029 1033
257 258
826 841
181 182
379 386
407 408
628 629
32 35
73 74
470 471
899 914
195 196
682 683
1192 1193
200 202
953 954
949 950
454 455
799 800
686 687
216 218
1204 1207
187 188
1055 1056
629 650
733 735
126 127
1043 1044
421 422
630 631
8 9
330 334
854 858
76 77
149 150
851 853
15 23
273 274
377 378
337 340
827 835
971 973
1088 1089
985 986
588 589
216 217
106 107
825 826
610 611
368 369
158 168
35 40
879 880
472 473
1016 1028
796 798
323 324
264 265
1155 1157
17 19
48 49
1135 1136
127 129
206 219
633 634
707 708
588 590
193 194
641 642
966 967
331 332
537 538
136 147
898 899
1010 1012
277 279
639 644
554 555
368 370
756 757
580 581
429 447
672 674
945 946
1062 1063
905 906
147 152
613 614
622 624
243 247
994 996
1203 1204
33 34
197 199
330 331
804 805
1026 1027
1178 1179
378 379
1103 1106
816 817
793 794
302 303
12 13
358 359
958 962
654 655
187 191
1186 1191
312 313
183 184
716 717
849 850
764 765
419 420
832 833
959 960
836 837
696 697
421 423
551 553
338 339
91 92
310 311
290 291
978 979
1142 1143
1015 1016
640 641
584 585
520 521
1144 1145
295 302
500 504
1125 1127
30 32
889 893
1161 1169
938 939
41 42
458 459
1078 1079
720 721
180 181
898 928
62 63
672 673
367 371
975 976
303 304
253 254
636 638
650 659
460 479
245 246
602 603
675 676
567 569
1195 1196
94 98
1089 1096
317 322
307 308
1131 1132
846 860
524 525
786 788
415 416
5 6
220 223
158 159
1019 1020
169 172
212 216
44 64
755 756
704 705
296 297
403 407
1116 1124
669 670
227 228
532 534
657 658
968 969
459 496
1121 1122
541 543
522 523
711 714
1065 1066
931 932
991 1001
651 656
135 136
102 103
958 959
266 267
963 964
95 97
616 619
314 316
76 81
1077 1078
7 30
832 834
1047 1048
1069 1071
489 490
944 945
59 61
765 766
1017 1022
896 897
934 936
112 125
168 174
24 25
137 138
15 16
354 361
499 507
727 728
449 450
