130 3 2
1 0 2 0 1 0 0 1 1 2 0 2 0 1 2 0 0 0 1 0 1 2 1 1 1 2 2 1 1 0 2 0 2 1 0 2 1 1 1 1 1 2 2 2 1 0 1 2 1 2 0 0 1 2 0 0 0 2 1 2 0 2 0 0 2 1 0 0 0 0 2 0 0 2 2 1 0 1 0 0 0 2 2 1 2 0 0 2 2 2 0 2 0 0 0 2 1 2 1 2 0 1 2 2 0 2 2 2 1 2 1 2 0 2 0 2 1 0 0 1 0 2 1 2 0 2 1 1 1 0
57 61
61 63
74 75
15 23
92 99
94 95
91 103
7 8
44 45
58 59
38 39
43 56
35 36
32 34
112 121
118 119
114 115
115 116
71 72
23 24
86 87
30 31
0 1
32 33
8 9
127 128
108 109
61 62
53 55
122 123
104 105
3 4
78 79
20 22
77 78
112 113
121 122
80 81
113 117
93 94
45 49
16 17
113 114
5 15
20 21
5 6
24 25
70 71
49 50
67 68
93 97
83 85
81 82
17 18
67 69
31 35
46 47
39 41
10 11
31 32
105 106
56 57
78 111
64 67
100 101
77 129
117 118
103 104
79 80
74 76
83 84
123 125
42 70
44 52
111 112
2 3
45 46
4 5
10 13
121 126
30 38
35 37
53 54
1 77
99 100
118 120
6 7
4 29
49 51
43 44
39 40
23 27
65 66
79 91
13 14
17 19
88 90
64 65
87 88
123 124
105 107
1 2
72 74
92 93
6 10
3 42
108 110
104 108
58 60
100 102
42 43
15 16
46 48
80 86
97 98
27 28
72 73
24 26
52 53
56 64
126 127
16 20
11 12
57 58
29 30
94 96
88 89
82 83
91 92
