1000 5000 3 414
1 1 1 2 1 0 0 2 0 2 1 1 2 0 2 1 1 1 2 2 0 0 0 2 2 0 1 0 1 1 1 1 1 2 2 0 1 1 2 2 1 2 1 1 2 1 2 0 2 2 2 0 0 1 2 2 0 0 2 1 1 0 0 0 2 2 2 0 2 1 1 1 0 2 1 1 1 2 0 0 2 0 0 0 0 0 2 0 2 1 0 0 2 0 0 0 2 2 1 1 1 0 2 0 2 2 1 2 2 1 1 2 2 0 1 2 0 0 0 2 0 2 2 0 1 1 1 1 1 2 1 2 1 1 0 1 1 2 1 1 1 1 1 0 1 2 0 2 0 2 2 0 1 1 1 0 2 1 1 1 2 0 0 1 1 0 1 2 0 2 1 2 2 2 1 0 1 1 1 2 1 1 1 0 1 2 2 0 2 0 2 1 2 0 1 1 1 2 0 1 0 2 0 1 0 0 1 0 1 1 1 2 2 0 0 2 2 2 1 1 2 1 1 1 1 2 2 2 2 2 2 2 0 1 0 2 2 2 0 0 0 1 2 2 0 1 0 0 1 0 2 0 1 2 1 0 0 2 2 0 2 0 1 1 0 2 2 0 0 2 0 2 1 0 1 0 1 1 0 0 1 1 0 0 1 2 0 1 1 1 2 0 0 1 1 1 2 0 0 0 2 1 2 0 1 1 1 2 2 2 0 1 0 1 0 0 1 2 0 2 0 1 0 1 2 1 2 1 0 1 1 2 0 2 2 2 1 1 0 2 2 1 0 2 0 1 2 0 1 1 1 1 0 0 0 0 0 1 0 2 1 2 1 0 0 1 0 2 2 0 1 2 2 0 0 2 2 2 0 2 0 0 1 1 1 0 1 2 0 0 0 1 2 0 0 0 0 2 2 2 1 0 2 0 1 2 2 1 1 1 0 0 1 1 1 0 2 2 0 1 2 1 2 1 2 1 1 0 0 1 0 1 2 0 0 0 1 0 0 0 2 1 1 1 0 2 1 2 2 1 1 2 0 1 1 2 0 0 2 2 2 0 2 1 0 2 2 2 1 1 2 1 1 2 2 2 1 2 0 1 2 0 0 1 2 0 1 2 1 2 2 0 1 2 1 2 1 2 0 1 2 1 1 1 2 1 2 2 1 0 1 2 1 2 0 2 2 0 2 1 2 0 0 1 1 2 2 1 0 0 1 2 0 0 0 1 0 2 1 0 2 1 1 2 0 2 2 0 0 2 2 1 2 1 0 2 0 1 1 0 0 1 0 0 1 1 2 1 0 1 2 2 1 2 1 2 1 2 1 0 2 1 0 0 0 0 0 0 0 2 2 1 2 2 1 1 0 1 2 0 2 1 0 1 2 0 2 1 2 0 0 2 1 1 1 0 2 2 2 0 0 0 0 2 1 0 0 1 1 2 2 0 2 0 0 1 0 1 1 1 0 1 0 0 2 2 2 2 1 2 1 2 2 0 1 0 1 0 0 0 2 2 0 1 2 1 0 1 0 0 0 2 1 1 2 0 0 2 0 2 2 1 2 1 2 1 0 2 2 2 0 0 2 1 1 0 0 0 2 1 1 0 0 2 1 0 2 1 0 2 2 0 1 1 2 2 0 2 0 1 2 2 2 2 1 1 1 2 2 2 1 1 1 1 2 1 1 1 2 2 2 1 2 0 2 1 1 1 0 2 2 2 0 0 0 0 1 1 2 2 0 2 2 2 0 2 1 1 1 2 0 1 0 0 2 1 0 1 1 1 0 0 2 1 1 0 1 0 2 2 0 1 1 0 0 0 0 1 1 0 1 0 0 0 1 1 1 1 2 2 1 2 0 2 2 2 1 1 1 0 1 1 1 2 0 2 0 1 1 0 0 1 2 1 2 0 0 0 0 2 0 0 0 0 1 1 2 0 1 2 1 0 2 0 2 0 0 0 0 2 2 0 1 1 1 2 0 2 2 2 0 2 0 0 0 2 1 1 2 2 1 1 1 1 0 1 0 1 0 1 0 0 2 0 0 0 0 0 0 0 2 0 2 0 0 0 2 0 1 1 2 2 2 0 0 1 1 2 0 2 0 2 1 0 0 2 1 0 1 0 1 0 2 0 1 2 2 1 2 0 2 2 0 2 1 2 2 1 2 0 0 2 1 1 2 1 2 1 2 1 1 0 0 2 1 1 1 2 2 1 1 1 1 2 1 1 2 1 0 0 0 2 2 2 1 0 2 2 0 2 0 1 0 0 0 2 2 2 1 1
355 129
432 140
53 559
670 116
233 935
280 177
417 609
19 630
157 55
565 163
288 984
102 938
458 78
417 690
306 214
513 634
951 332
170 689
734 331
176 50
385 917
738 7
727 474
831 509
276 384
98 363
159 767
936 13
649 446
110 991
129 171
488 953
780 951
784 670
22 26
293 154
752 427
507 566
286 965
531 265
565 973
162 986
632 197
199 272
598 831
523 909
678 343
174 305
608 883
275 182
446 800
951 823
809 645
434 972
44 601
153 372
578 465
506 831
814 56
342 552
775 55
3 737
283 286
550 676
420 249
533 543
972 363
917 562
275 368
153 536
459 506
137 892
933 224
393 288
655 499
670 101
104 554
983 395
283 642
507 524
788 876
15 44
759 293
936 687
18 682
592 416
26 558
783 263
472 5
464 864
63 392
981 574
867 640
483 549
135 522
115 649
836 684
258 968
91 677
977 987
732 108
393 85
127 737
460 713
100 82
485 810
596 414
197 142
55 573
656 762
934 360
366 163
872 390
955 103
238 412
246 547
800 850
362 863
495 343
902 113
22 78
852 399
870 52
65 218
892 280
280 918
739 165
637 366
823 520
310 513
426 126
934 569
256 908
835 601
860 798
163 916
360 968
843 814
963 568
861 728
632 531
365 209
592 443
384 921
866 821
596 252
709 250
239 700
204 537
649 538
529 60
752 295
816 374
880 516
603 258
198 660
438 751
995 112
143 870
494 244
971 669
388 598
860 698
804 842
519 98
543 457
551 63
301 484
538 677
496 736
797 873
730 96
155 570
84 243
611 491
854 559
240 270
663 531
136 741
462 938
786 38
64 276
229 149
702 629
515 940
704 552
663 484
195 984
686 780
484 142
106 240
712 407
243 530
131 232
518 960
857 425
922 166
428 671
629 284
530 95
42 488
959 111
797 817
371 361
787 251
298 104
329 833
564 449
765 928
850 129
420 975
940 497
395 381
571 45
293 166
571 119
411 896
386 265
292 558
898 522
622 600
231 368
465 788
741 840
186 158
188 421
443 350
231 275
633 455
485 537
176 851
619 393
443 906
212 151
903 904
14 104
496 800
813 717
217 756
158 455
776 706
988 472
294 891
242 325
984 660
958 470
808 117
473 102
63 89
717 559
894 751
489 784
742 751
426 178
847 956
838 303
256 348
152 734
890 461
486 601
102 13
390 904
476 733
62 825
748 391
360 782
165 753
919 453
119 514
327 517
334 925
995 488
751 828
276 717
972 42
361 696
546 603
230 588
365 345
404 739
438 492
780 1
196 716
973 73
756 640
656 280
591 121
578 593
378 998
86 242
788 221
659 829
762 135
300 636
901 503
944 531
721 799
498 408
602 336
981 405
80 723
583 865
434 459
288 421
684 207
296 751
806 145
737 350
192 853
781 134
732 606
72 227
647 635
949 348
610 107
144 874
705 107
55 543
956 263
583 692
556 280
149 16
308 45
834 807
248 736
997 144
910 520
658 963
560 133
386 209
338 316
160 511
366 291
185 598
601 639
352 780
818 111
847 876
938 136
663 413
550 337
799 878
130 361
228 816
158 454
114 171
806 214
153 31
704 869
87 242
282 932
457 570
309 126
281 402
307 809
379 284
391 24
160 89
379 782
633 938
298 800
742 883
695 114
289 208
657 512
807 588
722 569
196 391
715 799
215 932
594 809
589 176
329 518
427 709
873 902
722 923
749 827
362 5
72 776
23 588
311 984
746 894
142 430
866 306
261 355
336 877
813 967
585 706
18 732
545 687
258 953
675 474
220 692
21 890
964 760
4 241
29 521
551 740
454 252
595 490
570 816
822 327
711 689
156 437
523 592
446 59
924 668
861 474
828 293
542 174
199 186
100 597
326 51
743 355
991 187
837 504
397 764
818 702
350 354
666 920
910 846
650 927
211 499
974 156
11 985
600 671
70 110
391 847
877 766
127 422
924 367
414 500
724 260
656 163
605 971
970 975
751 682
557 492
772 690
259 980
973 173
150 342
604 679
315 944
407 656
614 465
20 167
219 369
290 748
951 948
564 935
88 661
373 697
56 555
999 58
852 932
566 635
21 598
499 95
987 936
340 755
430 763
122 385
720 558
505 554
377 241
23 818
726 767
384 447
346 646
501 270
929 677
926 963
956 575
692 73
841 166
719 233
752 808
406 752
619 805
265 632
326 498
564 836
295 518
642 798
318 879
302 841
197 531
207 148
914 820
54 323
982 666
616 733
450 540
391 920
246 543
849 475
554 210
124 997
536 655
895 476
613 705
453 703
419 405
688 149
382 755
369 990
275 7
745 487
593 391
611 450
839 853
785 883
569 292
987 919
649 651
189 638
24 451
559 798
684 8
226 290
881 483
979 72
518 412
599 356
29 484
175 142
497 816
408 382
254 272
516 1
483 217
370 51
184 82
454 533
337 444
352 800
764 259
591 293
779 348
39 899
330 734
108 751
995 381
508 942
476 552
870 961
134 532
938 224
248 924
663 46
595 656
61 372
706 813
616 147
379 272
15 623
889 418
872 902
729 532
365 482
487 231
71 160
31 127
471 19
482 222
480 991
153 900
991 690
81 508
678 462
556 412
316 515
629 462
603 436
347 639
965 583
898 532
491 160
80 474
981 95
886 412
908 754
648 159
992 331
669 616
732 879
899 851
525 537
216 366
751 419
355 496
19 385
417 403
26 983
906 928
586 850
404 662
389 806
233 58
899 213
152 202
271 616
847 975
647 628
583 73
765 664
356 320
683 467
470 148
614 847
152 684
42 831
26 88
248 636
91 471
419 191
420 593
315 692
810 550
313 855
545 344
229 383
146 59
241 453
578 878
769 447
655 643
688 526
698 193
59 357
867 911
129 686
244 784
668 115
296 526
51 182
968 558
305 330
710 876
512 343
911 794
318 154
41 980
798 265
227 921
584 974
371 568
838 564
958 483
123 957
383 732
964 937
546 638
887 613
581 642
31 211
660 649
171 321
500 899
540 722
592 756
59 86
510 431
836 845
340 764
581 29
426 631
905 744
387 938
660 371
893 410
915 977
964 808
379 543
610 790
34 151
587 230
738 373
141 522
314 208
78 587
855 253
211 949
135 822
221 234
11 324
467 269
626 157
912 271
586 736
154 530
267 728
44 623
630 376
536 440
255 216
86 92
705 8
278 644
777 395
575 523
669 295
582 495
267 151
981 894
968 284
885 157
835 347
473 316
844 456
907 738
764 414
645 353
806 814
25 79
634 621
121 16
610 470
571 833
654 162
35 87
615 758
439 514
672 711
412 641
521 142
499 16
947 342
655 96
489 422
978 842
461 576
831 63
505 438
979 945
532 762
473 93
202 797
617 117
903 207
234 226
735 782
780 800
389 720
669 753
115 471
410 898
506 576
327 329
765 466
89 546
783 539
556 724
762 356
262 413
164 39
606 530
988 904
804 997
676 769
188 393
954 79
301 819
12 389
963 527
359 753
469 371
498 69
23 199
63 821
964 552
746 759
175 173
898 177
408 796
104 505
138 451
788 635
434 934
436 953
983 381
502 836
52 967
745 808
940 158
45 832
743 9
897 951
332 649
598 421
772 988
472 707
772 842
673 741
576 12
240 87
397 515
542 334
554 429
531 534
208 542
748 479
93 316
322 847
25 158
650 944
999 125
127 911
183 934
371 75
878 483
988 705
207 219
632 140
454 629
489 354
926 579
222 82
952 163
297 172
731 520
683 118
169 905
556 76
993 370
383 879
367 809
258 12
513 262
701 661
312 725
967 276
317 709
344 498
16 274
449 426
952 301
779 244
388 969
915 139
791 133
175 399
326 607
626 232
342 753
483 322
310 535
794 290
797 237
202 113
515 678
517 927
674 466
604 967
75 976
725 904
143 798
196 878
570 374
488 380
629 78
449 148
286 173
565 522
573 862
423 867
786 297
192 103
689 957
597 944
199 702
429 409
168 911
250 985
694 312
531 184
614 756
380 626
733 839
290 754
533 455
461 506
840 673
956 876
248 520
157 775
548 184
84 9
70 842
308 0
823 880
711 879
22 457
110 447
702 458
634 73
234 867
655 133
25 533
845 950
371 59
894 910
662 370
887 539
96 191
503 32
982 217
435 182
824 804
97 819
989 666
642 432
997 845
317 179
576 155
281 652
459 77
36 175
232 702
545 584
33 507
198 86
376 496
972 806
301 565
965 143
989 748
613 719
658 223
84 171
610 719
803 354
552 644
588 79
866 223
185 966
133 841
340 633
312 426
33 920
705 790
820 799
988 362
582 128
667 101
553 539
748 970
835 27
508 122
54 483
722 12
265 140
18 438
105 158
263 826
222 209
519 923
392 720
103 468
456 691
536 94
299 484
340 657
800 471
211 168
248 409
238 514
195 528
640 871
791 149
699 249
647 126
95 757
966 379
923 199
488 389
267 410
590 124
588 457
273 85
754 218
734 449
211 900
521 535
136 533
735 185
147 733
804 789
923 22
768 936
902 797
384 32
996 420
520 922
242 268
966 962
964 993
504 177
345 314
848 145
540 21
931 128
767 727
605 571
726 407
181 105
678 25
524 667
967 679
408 254
618 285
334 776
394 698
823 171
969 638
744 169
977 437
642 386
249 989
216 301
806 189
764 547
476 727
140 860
593 721
878 465
773 98
240 963
775 931
25 6
336 239
615 899
510 237
279 476
813 665
360 183
641 119
548 209
587 462
508 984
884 538
770 716
559 28
466 900
853 150
420 614
521 513
617 406
289 609
664 771
550 798
497 573
354 234
208 950
458 959
220 137
31 65
74 717
577 374
37 783
658 371
881 935
794 234
525 503
251 440
55 940
892 532
213 768
282 134
120 655
387 615
289 705
520 672
32 590
928 989
163 137
633 158
151 490
415 368
989 871
793 569
671 171
978 337
841 419
113 836
375 759
864 90
681 770
590 772
908 251
317 117
722 374
876 614
170 352
773 388
358 681
332 516
281 275
642 143
850 948
908 572
928 350
548 581
906 358
460 302
855 659
464 152
858 355
418 861
329 212
1 146
117 147
877 267
404 960
220 339
441 695
310 184
921 417
6 316
176 343
947 580
152 999
302 120
415 974
580 745
456 1
583 513
658 456
639 204
119 151
651 929
737 908
48 976
914 294
143 401
802 892
830 712
315 729
283 486
147 159
337 585
727 960
975 3
794 567
250 51
883 43
490 412
807 818
856 361
494 567
279 68
485 29
110 208
197 932
158 225
826 935
945 72
333 183
974 477
743 505
231 192
328 867
910 526
541 208
242 984
321 261
768 102
109 837
572 168
628 303
643 567
694 90
932 623
118 259
79 747
261 108
776 798
428 409
396 15
847 33
720 258
405 274
203 372
301 287
439 162
617 476
694 790
574 846
943 484
507 264
4 703
834 111
352 554
42 292
734 54
860 943
22 570
284 206
328 572
993 760
129 9
540 511
689 318
802 339
863 174
106 598
463 659
844 195
313 310
198 696
852 692
650 315
141 763
306 223
705 90
77 962
496 300
835 548
189 71
728 886
1 332
751 688
702 796
479 94
246 455
641 407
793 189
156 964
346 306
488 228
571 474
10 744
333 735
647 24
123 296
826 58
949 65
348 172
540 189
50 41
333 12
830 239
262 140
840 111
49 286
262 625
414 907
316 954
643 40
999 838
11 758
719 152
192 869
719 707
290 765
583 286
217 783
863 613
3 249
97 712
220 47
433 611
715 431
823 809
961 347
253 597
216 82
468 487
675 0
547 338
504 877
780 48
355 266
83 546
170 114
704 832
906 765
205 660
644 723
933 272
785 161
898 595
649 357
715 725
647 37
961 585
594 505
521 253
343 435
300 352
136 587
503 679
283 36
767 675
314 70
431 219
814 579
2 251
858 672
177 522
456 469
555 646
53 28
607 231
348 563
155 773
331 125
519 777
451 803
689 671
69 980
849 129
811 120
679 27
936 615
442 647
622 689
340 796
491 240
872 684
531 400
42 735
199 341
471 478
560 172
496 897
361 508
127 664
648 580
909 101
465 635
811 191
856 880
871 666
953 12
910 349
453 51
494 443
523 640
600 685
757 438
250 317
416 770
216 320
642 399
865 531
469 984
807 570
88 629
37 666
676 70
764 269
660 677
37 920
120 348
172 714
271 641
83 827
95 801
13 414
743 746
359 704
440 828
45 117
677 809
932 20
71 450
551 843
4 41
254 79
395 519
249 507
438 318
358 328
936 547
903 480
492 689
686 332
435 139
478 649
910 505
301 255
478 376
308 150
416 989
294 138
15 47
548 140
347 813
788 507
8 174
384 706
434 183
616 406
636 689
114 732
647 666
988 8
120 859
17 564
504 247
707 610
662 150
680 47
190 534
915 7
390 694
485 625
574 67
540 638
255 893
653 76
491 388
498 545
14 307
315 310
205 268
569 235
715 888
969 953
993 150
648 947
464 694
481 736
331 790
979 74
689 229
127 94
387 652
732 693
159 617
466 754
624 946
635 37
883 274
179 760
656 327
299 829
556 889
437 103
337 28
584 955
263 37
165 937
901 401
990 331
771 871
374 519
639 625
534 650
851 985
716 681
131 374
720 890
433 761
38 296
61 203
652 703
992 470
632 399
332 409
132 36
816 959
936 738
924 352
470 999
695 129
984 696
814 311
50 250
919 745
215 291
2 911
968 380
302 422
380 12
137 532
942 92
206 131
433 169
933 807
99 219
351 937
22 529
3 716
286 209
81 456
463 222
958 946
737 328
447 486
686 352
742 786
173 255
902 539
477 51
809 236
986 351
503 810
807 862
79 515
592 737
118 344
344 340
605 556
62 630
112 673
713 440
364 134
372 643
815 424
11 326
33 620
50 703
446 471
432 175
866 85
900 911
726 278
259 382
365 642
815 554
71 848
223 882
159 616
694 684
324 39
911 754
515 764
324 453
888 872
994 756
147 342
35 325
522 653
745 993
357 210
971 412
266 243
654 617
20 299
874 950
633 93
774 565
556 971
707 609
754 900
893 339
197 262
964 662
578 946
766 151
490 518
897 685
997 99
725 721
962 934
270 450
228 71
422 494
902 8
52 337
386 396
917 201
791 526
482 209
27 676
179 117
431 799
81 660
244 290
946 148
321 383
205 361
454 959
399 535
942 696
103 373
298 880
354 794
116 674
298 91
269 652
537 835
705 144
100 282
426 628
966 395
246 93
791 499
31 440
559 542
950 362
893 285
675 308
159 45
904 913
210 630
448 163
293 846
884 586
352 104
863 8
7 919
863 124
192 4
663 896
230 495
84 600
909 443
563 493
633 931
936 652
752 68
407 766
357 385
553 126
468 402
126 958
671 114
411 665
494 867
567 655
417 950
118 758
655 779
737 754
381 923
613 874
41 477
604 542
848 461
249 909
612 536
213 588
21 603
386 313
943 965
634 386
349 689
241 980
626 228
297 229
688 711
94 567
57 533
525 447
472 8
486 209
835 965
376 924
314 52
64 72
791 841
136 701
852 463
262 49
568 929
78 834
10 882
132 896
904 99
830 212
721 647
58 54
387 344
214 189
534 663
702 158
701 158
932 517
911 714
365 639
712 767
932 565
749 63
903 417
874 314
235 576
843 169
45 644
436 598
202 887
44 625
340 57
799 876
907 584
182 7
951 917
467 582
762 329
655 191
854 200
380 983
65 664
407 76
470 790
574 608
950 590
464 564
112 529
347 965
630 75
635 354
972 388
959 284
349 492
71 972
17 864
97 641
685 349
998 369
989 391
857 851
909 670
258 735
884 668
215 220
980 607
174 991
513 173
597 535
510 309
475 562
81 942
996 998
211 16
518 889
511 214
658 750
253 282
715 219
848 546
221 614
345 642
859 643
270 21
874 824
67 828
697 179
335 871
952 802
567 290
866 421
893 522
312 988
909 716
812 746
910 574
637 898
55 79
233 958
242 59
319 783
347 810
981 785
82 327
638 953
845 305
803 718
163 829
61 714
419 608
518 877
615 652
568 62
246 338
493 859
977 764
87 866
901 625
609 864
828 612
478 677
364 356
190 535
175 411
899 57
978 835
406 644
973 216
93 857
795 805
688 858
8 330
965 865
37 956
67 383
929 469
63 214
700 351
447 345
404 0
190 173
620 442
711 424
809 538
150 733
638 71
333 433
141 829
115 62
245 395
699 523
558 570
298 210
328 716
36 692
803 33
859 96
334 52
504 916
140 482
792 719
444 200
619 56
55 455
939 139
290 867
19 660
698 365
581 485
216 932
7 703
926 195
380 395
360 488
185 181
814 288
598 89
835 262
999 107
680 313
947 964
920 871
784 593
799 37
472 99
691 528
908 172
822 490
390 778
445 758
645 236
672 243
281 51
584 487
812 841
244 65
989 33
707 690
765 681
372 460
188 905
930 738
456 528
855 167
315 190
231 415
351 662
407 605
157 458
871 784
669 723
386 286
11 377
843 882
776 394
777 112
883 574
943 253
494 31
901 486
94 794
951 645
998 294
759 957
604 921
290 127
180 653
799 126
227 810
92 651
453 275
249 523
631 330
59 92
348 714
941 817
82 763
859 911
26 543
805 926
842 627
873 237
533 79
770 666
65 911
458 840
219 564
808 317
387 582
154 957
172 612
341 112
14 554
774 356
934 953
400 973
856 917
665 482
995 245
552 194
687 584
478 115
617 875
45 231
320 260
607 68
922 732
766 712
530 318
589 985
804 627
304 443
539 378
358 168
708 188
232 381
721 442
527 130
961 447
446 660
192 69
779 65
28 694
63 169
481 505
8 792
214 270
293 499
699 871
885 111
301 253
493 787
862 272
45 359
989 304
143 639
392 848
789 27
439 971
688 957
826 264
397 596
855 650
454 55
171 530
960 147
319 561
316 25
554 645
291 650
226 970
609 362
249 494
205 371
619 546
615 343
277 211
551 806
55 112
857 343
969 569
278 271
212 336
154 9
298 446
535 729
232 136
356 412
769 925
984 201
871 101
357 696
127 277
643 65
501 35
362 107
191 779
803 784
746 161
200 394
99 613
359 832
82 521
490 100
95 274
602 893
225 272
457 341
695 496
510 126
774 163
864 174
825 446
302 911
913 431
89 611
264 510
796 940
675 45
992 999
8 54
710 358
123 791
373 69
731 321
578 524
287 216
231 194
559 679
563 867
806 843
965 173
648 439
914 369
812 742
513 432
309 539
300 880
708 361
666 524
204 604
286 143
494 765
201 884
688 682
409 243
254 57
581 865
764 687
319 331
268 85
910 685
284 112
368 939
480 99
309 956
272 775
717 53
506 793
314 334
597 109
940 775
41 919
927 522
36 286
485 482
752 359
212 602
987 980
494 909
28 921
762 407
832 518
717 124
681 811
271 599
631 480
846 688
60 968
955 164
298 917
554 668
989 563
60 735
988 330
752 308
387 246
805 882
144 613
540 488
779 730
79 495
48 19
33 524
525 276
290 277
211 127
453 103
258 461
137 327
975 416
928 120
424 562
636 104
103 703
761 325
981 191
747 316
167 892
278 616
720 966
434 506
484 190
364 280
411 313
772 609
73 659
709 373
407 119
934 185
766 410
377 987
364 837
509 240
904 999
523 756
910 161
117 697
231 697
428 367
102 495
411 386
282 310
138 996
270 325
5 202
474 150
610 378
547 445
171 594
920 847
60 26
209 15
646 311
356 595
607 241
537 544
925 967
814 603
800 332
108 883
533 246
544 193
442 33
565 448
106 145
568 59
666 217
874 107
318 757
927 215
660 708
551 273
500 128
497 131
996 575
446 475
347 537
182 980
292 60
162 267
530 671
198 1
428 424
25 102
165 947
345 679
116 911
460 779
626 966
441 809
14 438
446 469
178 719
825 361
391 699
383 812
29 632
654 700
378 398
451 593
239 712
993 373
497 341
773 831
74 810
466 460
51 851
527 268
469 926
214 433
663 581
601 698
397 246
778 613
81 242
197 621
912 366
126 826
846 383
24 699
237 999
990 838
639 44
335 566
311 56
998 826
567 466
182 584
421 546
186 55
985 13
449 624
44 46
665 44
978 950
620 304
918 490
462 23
396 347
472 613
613 627
864 707
320 327
156 164
196 970
330 472
319 553
475 649
724 278
541 717
616 648
327 163
234 244
9 261
783 647
502 309
49 896
155 389
636 951
35 83
459 21
603 509
684 107
358 871
734 888
64 854
792 144
288 926
482 396
874 863
30 13
202 872
288 744
478 976
195 130
858 743
326 738
977 344
253 73
157 968
965 548
755 139
848 388
140 776
909 771
964 359
730 563
266 104
979 174
863 941
4 683
255 729
354 391
428 349
197 896
722 450
633 755
917 649
24 956
2 16
53 70
15 513
377 139
535 313
60 228
273 75
298 809
565 535
49 583
414 547
446 48
111 284
12 995
808 853
224 931
893 134
921 525
319 549
387 907
400 432
489 867
643 203
251 608
274 40
634 222
284 232
447 967
47 167
650 73
678 445
356 653
367 424
495 338
327 504
567 358
943 313
340 128
262 209
791 40
903 941
890 773
859 754
671 711
739 964
988 99
974 368
523 635
106 450
422 493
671 746
192 738
264 982
624 331
559 345
800 481
509 555
37 24
131 862
930 745
109 430
264 783
857 397
125 836
546 461
750 708
211 643
800 104
758 340
780 236
248 318
399 132
284 395
941 804
335 593
31 251
962 22
530 791
314 444
181 459
420 578
370 839
753 159
527 198
552 117
398 58
579 761
896 810
917 976
724 675
43 460
502 54
208 99
732 171
274 688
90 417
841 405
725 826
686 917
545 139
267 212
113 17
529 497
423 748
656 602
421 145
17 873
259 498
340 6
683 545
773 270
499 43
228 972
34 599
782 380
110 988
159 476
398 126
707 174
791 643
144 863
235 735
69 437
637 151
362 769
860 262
59 508
861 617
893 299
338 382
165 250
496 600
745 7
486 865
440 591
298 686
650 141
74 503
697 760
989 226
693 757
777 885
905 393
157 454
207 303
794 592
126 715
991 609
605 119
284 519
38 321
107 417
297 154
207 734
898 618
335 881
417 887
440 211
480 817
749 35
879 171
3 970
383 671
645 825
827 638
644 616
841 61
920 667
836 792
296 759
216 220
681 784
584 30
465 391
497 818
627 124
36 852
134 973
543 818
882 160
846 883
600 505
821 511
219 152
351 427
889 76
942 528
71 953
330 863
516 48
490 712
579 905
49 394
995 626
973 197
968 363
507 593
532 287
163 247
743 682
843 270
856 266
940 588
310 521
737 443
877 971
423 493
204 601
879 452
200 204
727 0
273 868
195 814
433 619
591 574
170 349
551 555
572 172
303 539
46 386
260 134
370 709
28 362
345 143
839 427
301 137
120 949
206 577
119 971
133 43
178 539
152 988
666 566
600 438
185 923
693 424
60 374
826 233
227 706
186 931
884 352
936 387
204 384
164 241
249 244
520 438
81 844
739 552
504 364
856 630
526 43
72 772
864 863
193 49
615 589
998 958
38 405
339 781
907 139
700 271
308 739
699 670
606 671
857 39
893 135
964 295
693 496
285 137
427 808
687 678
864 778
410 653
914 982
201 568
411 548
227 665
891 303
113 988
689 695
545 435
115 815
204 283
19 905
346 273
917 630
503 28
647 483
349 671
396 411
329 34
820 666
627 72
643 713
729 215
495 512
163 762
282 47
473 533
942 357
653 641
255 163
166 38
780 424
331 553
367 409
202 107
98 235
416 523
227 679
950 187
807 395
97 76
699 666
48 353
637 336
337 503
871 244
637 916
116 681
186 93
348 536
687 435
7 955
23 254
544 798
496 924
139 7
732 84
104 897
33 640
540 848
341 570
790 99
801 742
989 784
448 255
876 994
745 895
769 706
59 527
152 502
134 534
518 724
226 354
926 169
507 699
869 415
13 425
166 894
960 886
201 198
831 145
285 20
403 305
280 366
784 920
470 502
394 401
107 690
922 318
580 308
380 773
378 233
185 77
661 954
657 230
874 32
103 607
19 146
18 108
503 384
396 262
70 52
95 43
980 709
944 173
632 15
298 505
758 6
530 743
611 843
703 683
369 913
284 885
20 247
974 241
197 943
833 412
560 981
151 833
350 859
932 534
441 825
175 896
214 638
270 848
578 37
631 178
0 80
628 946
74 665
716 304
422 567
448 15
728 833
353 677
552 947
190 829
936 382
967 945
528 19
391 820
441 353
351 117
923 569
328 304
394 901
212 724
457 777
605 476
510 470
166 154
782 558
523 748
221 716
634 448
821 491
626 181
135 291
522 892
193 639
813 961
998 715
222 400
734 539
473 633
274 372
326 980
995 21
156 453
640 787
227 842
889 336
279 704
385 471
373 281
858 731
415 165
307 671
984 805
571 239
654 605
379 702
997 480
40 563
782 488
10 926
825 332
289 945
24 614
558 735
928 304
343 259
544 44
307 897
970 756
677 361
314 921
906 640
595 618
636 243
124 525
546 35
685 689
668 780
144 237
667 249
564 902
833 518
738 182
230 186
420 909
810 401
958 566
82 944
949 460
436 540
450 827
843 189
480 941
740 83
452 166
921 789
31 348
573 959
544 345
953 555
395 235
145 258
686 731
26 626
121 274
142 173
394 175
930 703
158 55
989 770
733 342
92 527
490 212
872 707
316 678
340 186
908 765
628 958
422 423
813 810
970 244
426 992
789 967
45 723
863 32
613 988
368 662
999 144
904 125
581 262
299 944
668 298
158 213
428 429
952 184
682 910
192 955
122 471
208 705
990 323
471 780
401 486
700 418
224 88
400 301
303 946
944 973
926 882
154 520
235 720
138 784
228 183
140 896
313 531
211 94
736 879
937 662
183 389
617 832
516 104
643 153
263 398
337 961
868 10
824 53
187 804
189 953
142 315
835 503
725 219
862 587
584 915
282 220
75 917
910 688
55 102
808 739
985 281
20 430
153 801
450 98
244 116
68 986
277 787
532 877
925 72
30 615
495 158
593 647
975 592
877 109
322 303
543 454
569 816
817 991
817 613
645 800
999 312
324 857
262 64
551 749
687 382
295 0
430 927
755 758
875 662
749 270
854 945
523 465
409 689
583 943
561 263
0 162
48 188
665 854
493 811
823 307
582 246
949 572
843 433
629 587
133 203
906 489
136 246
677 236
221 196
367 668
114 84
721 524
419 574
872 125
752 476
372 612
42 21
659 430
316 899
580 727
713 591
739 704
909 674
885 626
225 230
585 967
864 792
849 198
77 488
909 635
726 238
910 606
939 607
235 459
66 679
857 387
350 911
926 83
828 812
666 416
66 64
811 664
961 945
67 499
883 161
186 254
489 479
338 462
250 869
774 944
331 464
980 545
6 596
916 212
770 909
328 2
646 87
657 775
334 921
533 747
24 975
328 911
532 291
793 360
957 711
378 990
844 478
657 252
173 184
885 862
3 443
102 269
536 256
148 539
879 910
681 989
797 152
599 406
314 305
381 245
525 978
185 245
404 439
99 609
271 762
736 884
520 243
828 95
60 21
350 423
265 583
816 181
245 374
33 3
220 855
114 441
81 976
193 896
159 727
556 366
837 650
690 53
658 87
686 516
198 976
913 219
851 703
672 685
148 887
710 138
854 679
887 610
936 467
216 315
520 321
706 835
876 322
346 814
508 976
920 909
494 794
10 963
938 657
661 26
482 386
736 505
224 741
572 256
229 894
444 870
814 188
172 274
307 922
697 351
967 345
229 743
464 734
698 813
519 206
161 858
374 923
418 971
257 724
977 899
150 0
29 943
363 392
551 821
637 892
495 533
900 479
838 792
872 8
233 998
226 920
250 907
532 320
253 142
215 301
575 33
511 223
208 690
346 83
496 266
808 552
762 641
472 590
773 450
442 294
146 478
914 946
157 782
613 107
660 85
538 201
906 563
412 637
514 0
590 5
466 168
784 975
785 560
960 571
38 574
574 785
914 788
357 478
875 68
927 565
147 644
789 824
338 213
727 697
623 663
889 916
375 38
139 987
788 803
526 18
314 32
309 914
753 192
119 239
754 348
111 199
548 365
309 442
804 717
342 68
506 773
112 959
985 414
615 547
742 574
587 702
357 660
322 982
562 668
168 859
145 821
341 136
539 888
750 346
146 691
608 730
310 190
384 227
270 433
423 244
132 184
898 163
432 173
534 484
808 875
843 87
652 582
991 772
549 442
702 940
523 593
971 833
877 412
87 976
528 205
470 309
798 548
575 975
663 209
467 589
862 225
942 75
279 477
869 468
93 495
380 890
72 70
257 267
531 634
125 631
881 628
464 390
368 919
886 162
769 585
97 151
953 434
353 780
92 62
339 135
656 320
807 923
495 678
88 254
658 393
768 473
167 100
276 204
966 112
789 772
966 22
884 114
65 499
384 362
294 524
373 919
464 935
269 414
459 962
764 408
5 542
738 437
241 758
414 382
894 689
501 761
148 888
980 851
358 765
344 652
335 956
605 76
142 222
112 22
585 289
550 860
750 696
501 214
137 653
735 12
14 711
804 609
888 998
398 624
599 656
370 45
154 858
306 83
226 635
873 207
686 948
405 714
504 656
350 592
500 340
989 716
925 537
722 389
448 774
866 509
454 587
32 74
486 776
672 957
430 327
582 343
531 215
484 535
428 884
975 443
488 98
938 796
790 312
670 196
635 593
33 876
750 146
583 855
996 909
265 865
938 213
922 170
221 970
118 176
356 518
521 216
312 378
1 19
6 547
306 926
456 926
930 241
278 728
893 618
523 244
957 375
356 618
132 965
995 923
156 607
834 775
219 797
376 298
781 837
278 877
226 523
18 296
922 321
60 381
624 721
811 906
82 932
376 649
402 939
330 390
130 528
47 197
12 569
649 146
786 419
434 235
925 789
579 59
726 724
728 45
853 662
618 877
788 956
523 489
208 32
321 492
42 436
908 153
600 355
95 161
494 572
516 471
258 42
361 188
39 755
30 445
812 149
965 193
728 404
579 146
210 478
221 803
859 765
363 540
311 35
397 936
381 459
476 971
775 661
451 756
792 480
872 734
741 661
1 649
873 734
769 978
828 801
201 1
652 738
883 67
469 668
74 444
732 636
882 240
720 569
835 193
869 987
928 592
543 374
757 742
556 877
916 180
542 627
901 559
302 95
621 583
327 484
340 467
201 849
689 154
879 526
34 177
706 525
631 610
469 528
813 559
691 984
301 285
831 761
763 634
138 799
495 414
214 388
758 13
104 129
791 981
121 31
299 597
839 415
142 896
468 165
123 742
588 316
742 846
884 649
814 240
970 670
271 960
964 487
378 914
94 133
959 55
62 649
761 240
126 624
578 442
728 162
941 999
504 356
488 181
740 501
361 844
604 32
428 352
510 719
486 698
641 726
880 520
334 27
161 608
481 880
549 946
997 789
894 812
541 72
34 886
99 836
192 377
640 304
767 257
776 401
55 533
292 890
194 368
816 199
160 831
37 217
170 367
818 158
170 645
629 747
450 436
560 218
674 779
216 535
254 158
324 545
866 740
827 214
792 54
147 745
50 275
88 818
681 3
574 133
426 564
658 346
451 465
462 764
0 351
951 554
439 960
99 125
710 620
819 781
333 546
96 372
722 434
201 210
942 568
726 404
806 35
862 158
96 608
775 213
64 486
983 392
752 739
808 41
112 558
313 47
942 660
166 161
328 563
491 972
854 66
757 43
289 542
928 737
50 907
638 12
482 486
180 238
251 127
39 955
4 899
4 51
830 912
4 545
410 802
487 192
730 218
817 789
397 768
921 690
355 693
110 804
989 593
869 683
576 434
398 881
933 105
359 150
223 85
947 250
721 178
219 992
309 935
328 811
314 979
18 383
313 521
406 662
455 186
676 665
390 610
824 542
19 568
922 606
594 823
777 458
104 349
22 181
773 558
555 273
799 507
138 523
908 2
253 82
479 794
312 873
282 565
190 339
665 865
438 685
472 144
647 566
350 787
756 920
87 579
57 512
337 542
635 820
266 352
155 284
769 305
857 57
909 234
706 945
332 441
191 172
725 990
164 930
507 483
635 998
432 142
631 913
260 766
325 866
986 476
390 312
519 60
255 142
96 302
570 181
756 101
294 635
659 222
93 515
832 0
191 859
63 311
724 180
493 304
714 440
68 351
175 401
356 238
1 856
808 607
611 288
968 232
470 178
246 678
652 545
170 496
376 115
247 517
459 953
720 380
757 355
1 538
198 456
446 242
717 70
304 168
179 194
455 678
522 287
582 758
44 485
681 234
196 592
288 83
402 955
982 647
124 314
98 434
394 432
852 513
76 648
259 4
834 940
438 622
953 831
218 251
338 857
915 4
740 360
822 134
357 361
672 355
850 951
202 417
14 897
290 911
778 824
602 407
315 286
435 39
716 563
76 410
120 168
634 852
67 229
768 445
858 759
354 909
606 161
921 679
257 912
539 331
25 246
970 994
350 234
876 826
602 504
555 806
78 923
436 511
883 297
13 57
616 404
71 223
178 390
484 632
135 100
528 75
346 579
990 322
313 463
950 789
812 296
629 374
965 601
56 146
83 10
605 439
229 296
995 98
701 796
123 229
500 615
220 597
76 762
45 700
703 281
368 477
14 429
42 506
373 279
854 544
34 728
811 304
424 84
801 67
848 333
154 757
603 821
367 736
991 903
968 392
687 547
985 857
817 694
299 430
586 367
370 808
518 407
684 904
37 946
574 757
291 517
553 999
248 897
547 473
43 297
899 687
626 816
329 247
484 167
878 946
261 557
726 80
142 215
595 653
810 559
514 886
896 413
355 910
45 418
950 707
263 891
694 107
843 89
518 474
88 155
664 900
761 333
449 219
624 996
840 454
730 191
401 860
818 78
902 913
900 560
181 380
32 444
987 930
591 256
256 121
415 853
597 504
444 394
652 397
311 696
256 191
315 432
179 875
371 646
186 225
369 872
720 577
260 257
474 439
775 246
229 846
279 752
441 586
974 851
648 644
55 136
76 474
745 308
89 363
157 673
816 629
869 176
920 416
867 928
856 554
577 232
71 21
329 877
868 85
259 241
793 363
721 37
610 510
122 357
193 283
450 333
839 745
656 490
797 510
143 835
735 228
129 300
56 273
205 963
210 942
675 271
814 926
815 122
247 177
831 360
681 970
50 869
334 53
633 657
304 234
649 677
978 384
575 994
930 936
473 977
754 65
530 149
924 695
427 150
972 611
123 318
905 242
879 428
441 668
425 498
700 861
991 107
30 473
576 98
352 367
956 217
156 869
517 898
982 783
967 204
631 472
246 272
198 800
219 17
0 669
689 149
427 402
133 526
378 725
795 866
38 841
273 805
687 453
769 979
259 182
977 939
163 892
428 636
533 111
984 942
69 39
186 316
937 752
802 109
907 39
338 775
882 619
894 38
635 507
578 975
271 712
216 484
396 66
19 298
81 691
944 852
159 552
467 30
335 666
835 550
978 541
273 361
789 227
816 206
456 651
499 466
192 468
275 192
656 522
608 61
407 898
253 197
116 234
242 658
600 682
590 174
854 961
220 534
457 26
81 708
633 462
576 962
281 930
225 462
123 622
911 655
985 435
28 863
192 51
829 565
631 778
204 679
503 70
666 575
773 185
903 125
557 307
55 588
814 882
597 973
987 250
252 954
839 662
205 527
660 651
424 924
560 40
528 288
992 148
585 979
318 296
868 35
9 243
101 614
728 239
709 993
411 400
514 518
258 934
308 832
391 592
834 105
987 939
449 888
681 674
19 942
150 964
888 999
369 891
777 529
245 157
702 186
548 46
945 559
582 445
323 881
603 740
535 141
710 666
820 946
840 533
533 587
595 180
989 493
846 133
674 494
288 761
24 784
245 773
5 778
512 687
666 294
833 239
295 404
591 655
664 350
607 427
630 478
215 173
749 953
311 795
359 723
432 943
715 876
823 9
981 591
948 352
380 885
710 221
712 267
792 107
604 945
845 817
959 519
586 496
427 760
21 831
53 804
386 47
536 328
837 135
246 768
239 278
198 115
985 377
625 961
688 43
322 718
601 27
156 487
401 798
118 977
368 745
322 914
28 769
579 750
196 788
777 834
958 578
638 60
550 665
809 353
285 141
939 468
272 702
683 182
209 621
474 599
868 646
895 723
74 676
757 689
380 529
971 518
661 341
614 998
682 438
775 78
315 581
388 501
916 517
813 53
111 587
304 970
663 432
226 681
250 703
634 253
8 5
913 864
441 800
845 873
518 404
132 396
62 91
973 448
431 872
720 461
399 265
158 661
769 204
45 295
264 721
571 648
672 671
194 745
589 980
569 890
550 559
77 782
299 602
504 618
326 930
507 647
444 193
646 223
135 109
476 359
376 409
964 308
702 341
770 391
169 619
347 413
818 673
625 854
803 465
701 454
223 843
916 97
514 641
339 829
919 607
44 262
397 512
541 676
199 455
870 798
849 122
766 177
941 705
62 844
564 946
205 579
101 420
487 839
741 252
41 584
119 861
788 878
224 455
988 863
275 703
435 344
579 646
577 923
194 468
968 782
310 141
289 789
795 579
956 909
580 875
488 722
324 987
223 346
176 939
971 675
279 342
827 363
873 903
177 180
521 763
815 19
480 390
23 938
32 804
701 23
523 420
368 839
118 915
943 73
341 88
233 426
263 624
149 261
370 41
491 270
63 56
879 438
622 171
448 531
773 360
797 390
658 942
452 526
612 61
815 91
516 122
713 127
443 803
72 276
427 359
305 817
494 664
748 664
670 304
679 46
824 27
827 761
147 359
678 408
468 281
823 170
858 600
355 682
651 115
64 901
162 960
625 925
716 358
412 410
637 504
252 701
774 656
408 467
638 183
199 741
143 706
57 445
16 828
259 768
669 474
983 60
56 87
379 60
836 707
642 537
660 130
980 377
285 320
885 577
839 351
551 83
958 876
503 945
121 801
514 595
803 994
911 493
590 187
664 989
571 886
820 566
624 319
12 773
939 477
881 946
121 499
391 826
385 332
991 52
222 184
605 34
611 603
307 243
104 248
201 353
628 564
281 192
277 350
911 358
636 695
121 405
497 962
623 197
985 50
687 652
670 465
904 838
990 715
714 949
382 246
821 814
848 98
801 791
948 9
505 823
414 316
59 795
785 608
174 874
309 319
832 552
792 992
470 881
583 463
528 371
176 584
72 978
165 368
205 630
208 613
574 655
944 932
725 935
625 559
714 96
159 0
594 671
431 323
381 457
955 250
692 855
681 867
919 974
590 542
566 309
821 972
924 825
137 952
123 557
70 289
195 1
802 135
509 761
155 782
924 481
815 780
52 769
388 450
260 247
565 517
174 208
42 995
692 190
511 749
39 176
406 80
225 497
137 329
830 833
132 583
744 436
738 11
814 63
292 638
932 301
677 201
548 401
194 117
387 397
463 534
855 282
984 393
531 548
181 720
167 952
665 544
42 235
125 887
642 140
762 726
245 181
663 283
618 320
766 837
622 711
727 147
458 457
876 319
614 309
214 106
2 493
704 192
334 813
891 992
332 849
665 347
515 213
869 853
508 660
366 135
746 530
701 340
597 522
475 516
120 422
640 3
27 447
661 252
969 793
683 851
66 870
245 782
404 351
304 354
932 339
194 147
636 682
668 92
874 609
112 626
39 589
390 999
343 241
688 922
716 116
212 654
134 916
181 258
293 858
912 724
572 2
563 911
26 885
217 699
205 976
914 888
223 611
2 211
166 742
177 212
725 207
106 806
768 985
851 164
302 754
693 104
457 88
772 174
617 580
481 300
620 989
677 780
568 696
588 338
72 503
343 408
22 722
229 751
789 717
262 200
276 627
398 331
157 199
150 295
399 581
226 489
440 846
409 622
353 115
229 38
66 537
669 117
315 623
224 199
784 748
673 105
11 936
149 419
607 477
752 231
742 713
601 865
370 192
845 979
457 395
832 150
335 196
438 636
675 712
302 31
871 592
273 371
34 119
476 439
460 203
835 813
619 85
817 403
785 440
666 847
65 211
996 756
610 553
491 866
466 244
187 824
886 616
904 935
380 576
233 294
663 36
732 751
10 579
530 438
876 442
296 203
917 371
457 885
25 954
396 394
153 133
352 825
268 393
434 185
464 790
127 65
593 803
413 583
343 687
788 549
505 520
166 606
425 182
651 850
577 22
9 731
150 986
895 164
10 456
253 852
747 678
710 443
310 581
318 557
529 157
119 723
448 932
752 370
747 136
630 471
929 630
488 258
415 402
402 156
90 999
735 506
673 224
428 243
741 885
606 526
929 236
62 469
586 668
279 194
166 43
848 21
761 843
683 980
670 33
617 964
453 164
670 578
938 78
587 701
928 794
828 846
578 876
694 769
415 317
632 400
759 349
239 654
991 804
570 885
917 332
673 577
811 563
127 372
35 551
354 416
207 958
976 86
886 76
874 53
375 372
143 36
214 843
492 894
578 263
604 585
870 27
688 321
288 85
166 757
661 629
879 409
123 171
270 183
260 602
879 693
819 100
774 287
525 337
469 825
281 326
311 10
424 520
845 941
588 454
523 277
51 980
27 813
594 170
186 102
774 301
518 712
681 909
836 887
750 528
278 336
322 996
568 75
761 421
232 777
757 123
117 370
314 72
387 915
128 515
578 788
347 925
122 478
17 144
236 924
477 359
864 610
297 499
784 354
427 733
612 302
111 224
614 264
394 204
282 634
445 435
989 358
432 49
317 194
991 769
481 856
604 772
538 75
583 659
622 424
98 12
488 638
529 131
733 279
497 206
47 565
72 706
462 747
969 183
616 342
439 616
694 778
120 754
823 321
969 160
133 742
149 293
576 934
292 968
246 764
904 148
145 843
268 984
78 111
398 233
714 828
694 237
680 400
644 238
409 424
358 489
38 828
627 403
440 499
233 126
505 321
118 857
267 724
656 271
687 241
645 677
815 210
871 674
356 247
204 74
673 962
481 266
510 449
291 364
626 434
335 578
825 201
974 453
848 773
76 644
635 847
226 358
308 368
153 96
579 868
850 649
606 743
292 461
935 561
109 247
678 545
191 302
724 418
261 636
674 784
170 520
958 561
828 153
723 278
203 786
944 282
952 282
256 274
106 270
935 946
919 156
512 382
622 321
988 864
781 285
803 847
783 335
865 399
923 818
600 880
730 256
651 924
254 246
511 12
500 512
704 875
740 63
141 216
368 752
702 840
675 407
570 88
598 270
839 930
760 739
719 872
839 194
999 564
521 659
41 51
697 704
374 185
603 83
586 84
218 737
366 618
797 913
537 550
662 359
445 495
563 765
448 339
294 578
766 518
590 53
283 262
457 374
106 866
986 80
335 322
545 316
631 148
891 902
592 770
632 44
963 268
819 320
58 888
236 91
763 190
692 663
139 259
915 652
689 682
53 979
482 581
281 919
895 697
629 862
324 467
389 360
652 425
420 771
587 338
517 597
458 136
988 202
785 786
664 563
756 909
405 172
775 633
5 903
236 361
562 825
221 592
499 405
6 118
647 303
884 376
978 64
602 177
187 110
894 452
554 884
525 585
755 589
990 470
119 960
700 726
553 219
112 155
485 632
640 354
922 9
12 890
395 185
724 877
654 912
921 769
835 810
627 447
196 578
244 493
305 289
484 621
833 257
510 426
541 950
981 211
122 469
563 908
500 515
323 715
409 557
122 130
144 219
794 489
737 94
32 845
958 891
800 424
404 45
861 151
916 364
30 545
837 774
39 241
977 936
397 899
223 827
664 116
893 100
723 727
375 67
130 619
681 640
627 28
156 851
695 428
57 408
12 626
838 330
711 355
402 851
755 703
127 172
274 981
569 228
345 444
332 645
166 858
340 596
102 246
526 61
240 603
703 41
617 80
46 413
222 265
24 914
143 200
405 211
704 753
341 543
98 185
236 815
229 786
533 497
175 965
700 752
541 334
642 482
216 291
378 820
529 457
217 718
77 461
543 225
653 830
181 968
455 462
267 278
329 918
857 899
795 63
256 608
370 317
700 476
387 269
469 385
929 48
345 776
509 821
221 524
418 767
180 329
115 917
882 740
875 0
459 570
274 828
955 895
860 209
823 897
2 787
579 805
59 210
461 12
200 559
328 681
682 759
687 985
425 657
660 469
575 443
593 756
155 962
968 374
615 316
648 861
653 260
470 553
296 910
140 197
930 435
279 745
485 413
113 817
596 425
912 180
636 736
122 1
980 103
142 313
382 615
433 963
20 291
621 36
767 278
765 249
446 86
667 989
792 113
134 837
97 766
425 128
676 334
735 106
108 405
431 483
634 581
54 207
195 708
410 837
686 300
915 402
266 554
859 489
892 653
331 631
558 816
544 200
763 220
438 693
655 302
128 588
141 327
220 327
830 599
671 104
727 239
160 740
866 546
341 573
138 614
496 307
944 400
524 881
9 171
485 365
561 431
939 39
387 324
331 178
144 54
89 827
0 271
1 86
611 806
930 709
634 29
196 748
383 375
651 75
687 768
151 407
374 105
294 593
770 928
945 676
322 826
947 704
141 448
8 17
234 664
870 525
333 434
349 731
277 664
31 787
564 725
379 232
769 503
24 221
889 34
985 907
993 738
454 23
637 260
678 473
98 292
817 90
940 462
