2000 10000 20 1100
1 16 16 9 12 10 12 18 9 9 9 6 10 4 2 5 15 0 6 7 3 5 18 17 3 6 16 6 10 12 3 19 5 2 3 13 10 10 12 9 12 8 7 2 2 16 13 12 5 3 9 4 8 11 17 15 3 0 13 12 12 14 0 14 7 12 3 13 4 8 0 8 19 17 12 0 15 7 1 15 4 17 16 3 3 13 2 4 1 5 2 1 13 13 8 12 14 11 17 8 5 6 0 15 12 12 11 10 13 19 15 16 13 14 6 12 9 13 7 3 6 6 17 17 17 4 0 17 15 6 17 15 3 10 17 3 11 16 6 0 0 9 14 6 11 17 17 3 0 4 13 8 5 2 1 4 8 19 7 5 2 18 15 18 1 10 6 10 10 6 4 0 16 9 6 6 0 14 11 15 2 19 18 3 4 10 5 17 2 10 6 5 11 10 19 9 12 11 7 18 14 1 16 8 14 12 12 6 17 6 2 9 14 12 1 5 4 2 11 9 12 8 12 19 9 3 9 8 2 10 17 11 2 13 12 1 4 0 15 16 9 13 8 1 0 13 7 13 12 0 1 4 17 15 13 14 16 0 9 2 1 9 12 15 8 0 10 7 16 3 16 16 5 2 10 3 0 0 15 15 13 19 13 10 5 6 10 7 14 2 15 12 16 6 3 4 5 11 15 14 13 7 2 0 9 6 4 6 2 7 9 3 3 1 9 11 8 1 6 8 9 17 18 10 6 15 18 5 5 8 16 13 19 5 5 2 16 12 10 4 15 0 14 2 17 2 6 6 6 16 18 12 5 0 16 16 6 2 13 11 3 19 7 6 2 10 2 9 15 1 12 7 5 1 2 19 4 3 16 8 7 7 5 11 4 19 11 9 17 10 13 0 0 0 5 7 19 16 4 10 6 0 10 0 18 1 11 19 4 16 7 5 19 18 3 5 4 0 0 18 0 2 18 18 0 5 9 12 8 13 12 3 4 2 12 10 13 11 12 0 1 16 7 17 15 1 17 3 1 8 3 11 4 16 15 13 14 17 5 3 11 16 1 6 6 6 18 11 6 1 14 8 6 0 11 19 6 0 14 12 5 1 5 16 11 19 12 3 11 14 12 14 3 8 15 2 8 1 19 1 5 14 19 6 15 15 1 9 4 7 3 1 18 11 16 17 11 19 10 10 18 12 10 19 8 7 3 8 17 7 16 5 11 10 18 7 2 18 16 13 1 7 3 4 12 13 12 5 7 15 16 1 4 16 10 3 14 3 13 3 10 15 2 15 2 8 12 6 9 4 19 16 9 2 10 3 1 12 11 17 3 17 10 9 5 5 1 17 9 10 15 11 15 17 19 2 0 10 0 3 4 6 4 5 0 17 5 2 11 11 0 17 0 0 5 4 1 8 0 4 14 15 7 8 7 10 0 3 0 7 7 18 17 3 13 18 7 0 0 19 18 15 15 17 12 12 12 0 7 9 9 11 19 6 1 3 19 6 9 15 10 15 16 12 14 12 7 9 17 4 13 12 0 19 3 8 1 9 16 4 12 3 17 11 18 19 12 15 15 4 18 19 10 2 15 11 19 12 14 3 10 7 18 16 18 0 18 0 18 15 12 17 15 3 8 4 2 13 16 16 14 0 3 10 5 4 5 6 6 4 14 11 14 10 11 19 11 1 6 7 14 14 12 14 9 16 18 14 11 6 6 7 9 8 0 11 5 17 1 2 4 15 3 3 9 2 7 18 17 3 0 2 8 2 1 11 14 11 15 4 17 9 5 6 19 17 1 17 0 5 8 1 4 10 13 13 7 5 10 12 17 18 8 4 1 7 7 8 5 7 7 11 5 14 5 3 5 14 9 13 17 4 5 18 16 1 19 18 5 5 17 1 11 1 14 11 10 9 16 18 11 12 13 7 17 17 15 18 3 0 6 19 12 6 12 13 13 15 19 18 5 16 15 2 18 16 6 13 12 4 2 4 0 16 19 8 19 14 19 1 9 6 10 18 17 7 6 7 7 16 16 13 13 3 5 5 3 4 8 7 13 4 5 10 4 5 3 5 18 1 11 2 14 9 15 15 0 15 2 6 17 5 9 18 12 19 10 8 17 5 16 17 19 9 0 4 10 7 11 8 18 10 10 0 3 12 15 15 10 15 5 9 8 2 15 18 2 7 6 19 9 18 2 10 1 4 3 19 2 11 9 15 11 13 13 12 3 5 11 15 13 9 18 13 11 14 19 17 3 18 6 4 7 4 9 7 16 3 19 10 14 4 18 19 1 10 6 5 8 8 3 6 3 10 5 4 12 10 3 19 12 14 5 17 3 2 7 0 2 19 19 18 4 3 6 15 9 13 4 3 11 14 7 11 7 18 3 9 4 5 8 8 7 17 7 13 12 1 18 17 4 8 4 17 4 4 5 5 14 19 0 2 7 10 3 13 5 6 15 0 2 16 6 3 10 17 9 9 19 0 7 6 7 11 9 5 16 9 11 7 7 6 9 11 10 1 15 9 17 16 14 9 8 10 5 1 16 5 7 0 3 4 11 6 10 6 18 1 10 13 8 2 2 3 4 17 9 15 6 19 8 1 3 17 19 16 0 2 1 1 4 2 1 12 16 15 17 14 16 10 18 6 8 14 15 10 4 8 19 7 2 14 4 6 11 7 10 5 1 18 1 12 8 15 13 5 19 3 8 12 6 7 10 17 6 6 4 12 5 4 17 17 9 4 15 13 0 8 7 2 11 16 17 16 15 12 18 18 0 10 15 18 13 0 16 1 16 4 6 11 16 18 3 11 5 3 12 16 5 10 3 14 5 9 7 8 2 7 13 8 15 6 19 6 0 1 0 6 12 10 18 12 16 1 12 2 4 0 15 13 19 19 5 2 17 5 13 4 9 3 18 18 15 5 14 10 7 6 15 14 8 9 3 8 18 5 5 0 15 19 0 10 4 7 7 17 13 4 10 4 15 13 13 9 10 12 10 8 11 16 17 10 6 16 17 1 9 19 10 1 18 11 3 5 0 4 18 0 2 14 6 0 16 19 17 17 11 19 2 18 7 6 2 13 19 5 4 5 5 14 15 4 9 17 5 0 18 12 1 19 0 2 9 8 16 4 14 1 5 6 10 10 8 17 1 12 3 10 16 14 19 6 15 6 16 9 0 13 10 6 9 1 15 1 19 4 9 16 10 9 9 8 6 3 17 8 15 18 6 0 13 18 7 11 2 10 11 11 10 14 1 18 14 7 15 15 17 4 12 15 11 2 12 15 11 0 6 15 0 0 4 3 12 15 15 10 2 9 10 19 14 14 14 13 11 0 12 8 13 0 19 14 13 8 16 17 3 7 4 14 7 5 1 14 3 7 9 18 9 7 12 0 8 5 18 14 13 16 14 7 1 16 1 8 14 2 10 2 16 3 2 5 13 11 13 19 4 4 17 3 19 15 3 7 16 18 4 1 0 0 8 6 0 12 19 14 4 13 10 4 1 0 9 1 5 6 7 8 14 16 10 13 10 5 13 12 3 15 12 11 19 0 8 15 18 0 0 18 15 8 12 1 6 5 16 17 4 7 5 10 2 14 16 17 19 18 0 15 11 3 15 14 15 7 16 14 19 9 4 14 17 8 0 7 7 8 7 14 10 10 17 17 2 17 4 10 17 1 18 4 6 6 8 4 0 18 18 5 16 17 12 6 8 8 5 15 12 16 15 6 7 6 12 8 19 15 1 1 10 4 0 18 7 12 7 17 5 4 16 14 7 13 7 0 4 1 5 8 18 17 7 19 10 7 3 16 2 19 15 0 7 4 18 10 2 13 1 19 11 14 15 7 6 17 10 18 18 18 7 1 11 3 0 1 0 2 4 9 10 5 11 17 16 7 12 4 15 12 18 16 2 4 15 6 0 10 4 19 14 8 18 17 9 2 9 2 16 3 8 11 7 1 0 12 4 13 6 4 19 19 4 3 1 12 12 19 13 18 14 11 4 10 15 13 19 14 7 12 3 17 7 14 5 6 15 11 12 1 4 1 8 1 14 5 13 5 10 16 13 14 15 11 11 13 3 13 9 11 8 14 17 5 17 9 8 10 19 16 16 16 18 16 16 10 17 16 14 1 5 19 8 19 7 2 8 5 0 16 19 13 11 0 1 14 5 5 8 12 17 6 11 5 19 9 18 10 11 14 15 12 9 1 11 11 7 4 15 9 11 12 10 0 5 3 9 9 1 18 2 4 16 13 2 9 17 0 14 10 16 15 5 3 13 2 0 0 18 6 15 13 8 19 16 16 9 14 6 9 0 4 5 18 8 6 16 3 14 13 12 8 18 9 11 14 15 10 5 4 16 18 5 2 19 14 11 17 16 9 3 15 5 3 13 14 18 12 14 12 12 11 4 13 12 10 3 8 17 8 17 5 6 18 12 12 15 17 18 7 0 1 2 10 1 2 6 4 13 11 12 19 13 11 7 13 15 13 18 9 12 5 4 17 0 6 9 14 6 3 5 11 8 5 19 19 9 6 12 12 1 3
66 1312
188 1291
600 740
1788 1036
1755 78
382 492
1856 1986
465 1289
1722 1229
879 1587
1413 692
490 1402
373 1770
67 154
573 159
1849 110
225 300
290 1208
30 467
522 436
1663 1533
276 1083
887 505
761 1400
211 912
348 1870
1859 139
641 935
1250 44
909 1927
1916 1503
81 1220
1673 511
598 833
650 177
74 1938
397 1583
1912 382
600 77
1123 1551
1129 1864
1119 985
896 1302
1560 351
1668 1181
1958 905
533 1263
1336 875
1578 628
293 369
342 1927
1027 1156
1413 1178
977 560
1251 1650
515 126
19 87
719 976
99 48
441 1975
1911 294
362 238
765 1696
1330 1311
1138 1293
1644 1099
548 753
1726 924
366 736
1384 269
140 924
1237 1814
436 1827
595 393
804 710
1118 1819
767 1827
760 1714
1838 1186
1339 954
1055 642
1724 1038
22 588
161 1103
1257 616
953 1075
1915 933
1399 386
534 933
1127 1060
397 1470
1722 1301
1440 772
529 581
1735 344
408 496
986 1218
814 11
494 200
1432 1749
456 541
1933 308
1654 43
624 1954
1917 1813
480 141
878 952
1706 1243
973 791
461 594
1794 59
1595 195
986 719
786 371
66 1480
539 439
1519 749
804 1348
535 316
1325 583
449 45
1162 704
1013 1001
159 1984
1822 1532
1984 801
1309 1749
298 123
1051 1260
659 1078
1822 1888
54 1358
1387 1843
661 1437
1701 422
676 1568
1186 1547
1554 1153
1464 344
891 1099
635 1150
150 1306
660 1535
998 1278
154 482
848 281
1377 15
826 473
997 65
1435 300
1942 140
1331 1826
437 1136
425 1578
1519 843
819 1315
1151 1544
1588 557
835 1453
684 234
177 1500
970 1262
1950 608
571 1742
1270 1097
833 454
926 939
1489 321
270 42
1850 201
735 1377
84 1196
1656 448
1717 20
1611 1538
780 1105
1400 905
1547 1392
1463 752
1877 1021
1674 265
1862 524
1569 100
656 1694
1770 1338
1371 1045
1920 163
1020 1740
1067 713
633 258
1866 1629
1769 531
380 1547
877 1227
1593 1748
326 1660
912 106
763 1715
1956 1305
439 1309
134 40
154 21
1770 1967
768 1973
977 26
1890 743
1966 1201
1241 1261
1825 153
1323 896
861 1120
849 394
1167 1929
1244 1666
205 860
1480 1253
856 982
1241 553
1046 658
1875 731
701 821
617 427
1039 1487
1405 459
1390 1435
480 1975
989 148
1657 640
1065 1352
7 839
1045 1516
447 250
705 1158
809 1313
1568 151
963 982
1555 96
1975 1450
1757 1779
419 577
567 191
1573 1452
482 770
265 767
1323 652
63 833
1874 1635
903 1289
73 807
281 1885
200 8
61 1730
1295 72
1356 724
571 166
204 123
1518 558
1438 664
751 202
657 1524
1557 327
447 165
1338 1805
177 673
674 1973
1600 1581
1247 1150
340 1818
1004 1833
1906 1671
1302 373
74 844
884 923
820 799
529 734
704 866
1373 594
393 1773
1985 925
1330 1735
632 219
1279 1629
701 1739
853 1937
1473 1818
1628 1020
637 827
149 1151
838 1774
1457 534
173 1541
1837 909
1513 333
288 686
585 1355
428 714
1587 1639
1049 1204
1973 1763
1248 666
73 1393
1624 1787
1682 1806
698 897
784 144
1741 1663
469 1847
51 1813
1545 1044
1783 1902
1032 1988
586 1667
367 1097
1325 1957
443 396
169 464
1263 911
1237 149
769 329
1075 1592
377 1909
732 751
259 1031
183 1571
1151 330
1197 1965
691 589
1191 963
1259 1487
1838 1547
1052 1952
86 20
694 215
1588 1496
1687 829
735 1718
155 301
692 1065
1413 573
1588 1491
1231 278
1115 727
1328 1883
812 1246
1740 1076
1145 477
1050 1957
782 739
282 707
681 950
1424 151
163 665
1328 1419
1883 1074
1708 271
1608 1396
1471 15
1656 1160
964 686
1176 220
653 59
375 1702
1966 634
1131 417
462 1867
1314 537
1360 1728
856 1274
1142 1967
635 505
500 1407
288 79
1737 661
65 1163
261 1923
357 1979
597 1972
282 140
15 197
906 1045
502 569
1884 1595
1906 124
28 1348
299 886
1704 1422
271 1984
1905 12
1308 1911
1379 1000
1391 62
460 1489
833 213
769 342
62 139
1642 918
1990 1265
102 1993
1515 1234
1076 834
42 322
756 142
1138 636
803 2
1749 352
508 1512
949 144
1350 1987
876 998
1517 1325
52 703
1363 1226
1807 742
83 1310
1932 1419
59 478
1092 928
492 229
464 1921
1744 170
554 1922
1356 247
1358 1386
1830 876
1214 1342
51 1572
794 1527
949 1674
1937 1674
231 167
1371 162
1764 536
1789 1794
1226 3
1593 1242
939 144
1930 1671
994 1494
1092 1182
1837 506
1596 339
1539 1766
412 1411
134 930
1086 11
310 1719
1951 1261
135 458
956 691
734 1494
1556 1810
813 1681
550 1190
22 859
1849 1792
699 115
1976 343
156 98
760 1586
1442 345
1449 1746
599 912
1920 192
229 1786
706 163
911 1683
581 453
1865 587
1234 959
394 1181
588 1300
897 646
1542 1079
892 1345
928 161
1856 1602
261 1246
737 1783
984 428
1097 626
989 1972
1514 362
562 1638
1566 520
91 260
1048 973
1885 127
1701 880
473 1120
1519 131
275 1728
143 1957
1027 911
1720 1917
441 509
858 1366
511 1538
1650 595
628 1266
780 836
1964 1935
595 1401
893 678
1410 564
1209 1475
972 661
1068 1447
236 1052
1162 866
1168 858
1112 669
192 291
3 1324
13 1159
2 1065
1761 1846
831 1544
1072 1576
633 1520
192 715
1312 880
1130 670
1194 1210
1864 1861
92 1315
610 572
1820 822
409 1642
928 1696
1409 873
1137 484
914 532
1068 1640
1408 1886
896 568
285 313
46 1949
82 1473
1358 395
17 166
645 821
930 546
354 59
512 595
1948 415
1175 493
687 1676
621 129
1529 362
595 200
1909 1156
1929 347
1138 1095
256 1883
1113 1379
43 255
672 647
779 1083
332 936
1630 191
1317 653
988 1477
1853 847
396 511
144 1998
504 1290
596 1052
814 935
1001 754
172 1782
1568 269
1094 465
1569 811
1640 943
1777 869
20 938
52 140
365 822
1013 529
1685 1902
633 177
602 512
709 64
817 133
519 83
1227 626
616 1480
743 1514
423 1606
1076 447
1628 1740
865 1620
1250 1357
1408 101
793 491
382 1311
811 1397
784 1568
1617 1001
182 76
388 66
828 121
1979 267
1730 473
617 1028
1878 736
370 1404
1786 1826
1911 60
799 1446
882 726
707 1687
1546 889
350 1797
1535 953
653 1435
1856 1189
1616 823
369 1739
1932 333
479 146
177 1823
1192 365
593 1809
449 1252
68 1750
232 198
1868 1098
1068 1377
173 865
1854 1087
550 489
1536 456
9 760
384 934
1200 370
1373 1900
554 1705
395 948
487 1583
455 1443
1579 1953
1942 868
915 78
1075 1467
627 1684
14 1541
628 160
1449 584
472 1035
544 1894
1125 1536
344 1420
1427 1166
337 1437
1096 527
14 1931
987 1720
550 584
180 217
1897 612
1428 1116
1995 312
1643 698
124 282
1251 1141
815 1872
161 94
1316 1901
1527 1703
368 1078
139 1781
592 1413
446 300
1886 409
1131 1004
1403 1492
565 1248
1327 483
705 1592
47 631
1467 1783
1427 1259
155 1978
67 1
1813 951
514 74
1417 593
679 1091
1842 557
269 786
1549 1982
262 1475
332 241
1242 1701
1756 168
447 9
462 1454
89 623
702 686
754 1727
1115 1295
1272 1614
107 162
1723 610
1012 147
1020 1906
213 1742
1895 938
679 579
469 646
1347 1215
1936 1981
610 1489
1356 642
1613 444
366 1380
1746 403
1352 692
1417 1383
570 1476
1171 467
1313 1431
59 1226
1486 1149
991 917
187 946
1513 1431
1880 512
1578 366
1868 742
1369 1286
691 1432
399 616
1872 947
104 1951
1475 1048
1039 435
793 400
1398 191
892 119
655 1037
552 636
1470 730
801 267
739 587
1326 108
1986 1954
1823 969
1463 1759
1254 737
1714 824
1428 949
160 1537
751 1591
1733 1759
194 1060
366 507
1299 241
884 895
582 1955
940 1479
321 1457
1647 1431
1404 633
1625 56
79 1990
88 1384
577 337
1246 1851
1383 1781
1965 172
1868 1934
1414 1595
187 72
1883 645
904 291
186 149
612 273
1856 511
359 1563
1363 1832
1460 1392
534 1342
785 1255
540 1626
661 1592
1892 1591
813 544
1851 1308
1361 825
570 918
1401 503
1926 65
1831 901
1394 588
982 108
1986 807
1085 1904
447 1251
1197 1555
878 1621
1872 676
1240 1123
967 1641
1188 1423
1685 1908
1339 474
1604 1012
1708 12
1431 1939
248 481
1759 1168
333 1107
561 380
599 804
1760 278
1115 1712
355 454
1568 1177
932 1587
997 423
1765 1938
144 1995
1919 1161
1752 1313
1567 313
1551 1039
72 997
325 513
1553 1191
543 1812
1716 1364
746 1075
1635 1116
1574 133
869 1148
1841 339
614 743
347 817
765 1798
1314 536
1059 48
777 73
1104 965
959 5
1662 996
1037 135
258 1047
259 311
30 969
1597 1732
599 1692
682 768
1871 324
90 226
1411 244
470 1239
463 1275
1209 586
1081 1431
1077 1742
1132 1869
1129 600
1260 97
84 384
1466 573
980 1503
15 971
781 802
1518 1334
1938 324
1462 958
1548 1882
449 400
1039 44
884 513
1692 1398
370 1365
1369 1598
845 1783
215 314
1237 1752
1590 1585
1630 542
346 1111
1463 1101
1276 689
1183 17
1404 1685
888 1725
656 512
255 506
708 1049
7 964
681 1503
231 1802
580 570
775 270
1875 1252
241 1673
1495 986
1592 74
1198 459
1272 178
849 8
304 626
565 1007
222 1603
1183 1326
131 1071
1049 1129
1202 1040
834 1869
765 732
579 1091
274 1420
46 1058
1497 923
1343 1227
916 1076
779 1147
217 764
1893 1787
942 1290
1473 1340
1412 1671
1848 840
522 1049
1172 69
295 1923
1506 1777
1260 1763
319 897
1361 850
752 575
1517 1851
1335 146
572 1277
843 423
1206 1252
171 667
307 536
1974 25
1293 1834
1940 648
1166 1111
484 870
245 720
1384 99
1029 566
1207 1104
630 743
932 330
833 1392
515 973
126 1894
674 474
1283 939
1882 1916
1368 488
49 997
825 376
106 1829
1081 905
487 613
20 130
361 237
1464 1452
1677 705
1609 36
48 269
589 546
1044 1047
1372 1791
1111 702
1026 1424
1763 70
1036 1274
1502 384
1453 1284
1379 46
200 136
96 722
1425 1308
403 1604
531 1169
1423 213
691 40
1980 1601
388 1006
1592 1938
187 1043
1984 1510
1424 1811
504 1209
784 1887
99 1023
764 1343
935 1688
1077 305
292 435
1244 691
1426 87
1541 1743
1958 727
266 692
144 708
663 343
795 1947
1053 1867
976 1358
1612 1912
1139 372
1501 876
134 108
317 145
1318 1631
89 38
1979 1456
1572 1931
929 1928
1873 1398
22 1024
1273 434
1997 1557
437 762
9 619
1543 590
1485 1063
253 1463
426 1807
760 385
495 382
1909 585
1175 1343
1850 1477
627 1571
1405 582
569 1467
183 1820
1105 164
339 1431
1525 734
310 1403
761 190
1165 1292
14 19
1561 1209
1354 932
607 62
1476 1426
730 916
1734 1945
1893 355
649 343
703 1665
1945 1296
764 521
1632 1959
1289 1057
1503 1889
1613 407
1084 51
201 1615
1804 1161
1180 191
1918 1378
359 25
1509 1896
869 575
1145 150
416 687
1392 1736
1863 1744
641 654
395 1909
1236 142
58 1711
423 187
836 351
20 209
985 1833
1281 1566
657 562
458 1654
913 1147
1586 1169
727 1542
1523 583
429 1203
1374 61
1965 1071
1457 301
450 1078
1266 1070
506 1007
1930 895
1107 1575
1788 1863
1469 866
152 1306
1675 1559
753 1615
172 1814
214 487
778 1509
484 67
966 1650
414 907
231 1902
1013 462
751 1024
1978 1554
1242 1257
215 281
55 1285
102 244
634 859
1050 1330
93 1174
1813 1866
1164 1160
1662 286
1044 1129
1172 1223
75 326
706 1221
318 527
55 938
633 1405
237 1848
1544 1595
1566 908
996 1312
636 1864
895 903
913 1322
682 1339
243 674
701 72
1868 1865
337 705
724 1892
1592 237
1522 1245
565 1871
985 1240
678 1021
765 1528
1636 1057
777 1233
124 1586
1627 1754
1253 1689
257 400
608 16
213 1230
948 1657
1642 789
1345 936
182 1906
920 85
1986 1668
1258 441
262 1372
931 957
1879 1009
734 777
1686 1092
1117 1277
177 1707
1688 151
1999 695
1186 109
169 1206
555 1601
680 1781
139 1493
1392 1686
245 481
760 881
1531 653
768 248
455 1081
1661 927
1307 81
304 376
1196 1888
723 386
1229 1665
1715 1747
554 1321
397 1287
315 803
1203 1335
833 1847
1305 376
1292 1721
1536 712
1939 1263
716 1339
296 670
610 1214
167 260
1773 916
1842 936
798 1912
1505 577
1417 176
1766 1703
415 1529
1238 902
529 614
950 229
1132 433
1589 1883
1660 1279
372 1176
1844 1014
295 1325
87 865
764 1729
473 61
365 1920
715 700
1096 1845
260 1404
1725 487
86 157
878 1388
1532 1410
810 1848
1868 618
809 996
955 775
636 1424
1569 606
1476 1197
752 1148
1073 1218
1045 1554
1559 1793
1433 1058
1510 528
1468 650
129 529
780 931
595 236
1765 1511
348 1798
186 1639
429 1415
1983 1034
788 1678
1717 3
952 1190
1338 331
1031 1710
1597 1025
456 56
1218 1101
1102 775
852 999
391 1845
1680 920
1939 207
1026 510
1801 1308
798 143
1182 930
1999 328
1255 1165
244 998
1486 801
1402 1577
497 526
1292 332
1382 208
1968 1720
614 1233
406 710
993 1407
263 612
749 1939
1091 13
978 1574
1742 598
1466 1711
1934 1497
711 929
1328 821
1594 1986
1373 618
1632 171
1132 160
584 801
797 1065
1795 84
1015 1600
1239 401
1086 1455
789 1931
895 906
562 1465
1933 884
1511 776
395 1642
477 14
697 82
1993 244
473 297
359 835
1585 466
716 1252
48 814
1956 104
1447 1734
1974 1402
1800 1427
373 709
649 1019
517 1922
472 1302
1598 201
696 1960
1380 308
243 481
449 1804
1927 1548
1871 981
1251 1045
75 792
802 1607
1282 1310
727 879
172 195
1437 1075
260 1379
1392 38
546 343
1554 1371
1534 783
797 147
377 771
1437 810
848 37
1205 293
542 294
1270 1479
678 1438
1157 201
1271 266
624 443
381 1464
1278 1086
926 88
630 341
919 1344
1896 1523
1969 746
1473 996
259 1919
704 1135
1411 1568
770 1781
613 1940
1188 1508
1072 612
1583 1287
1051 1672
738 1557
8 1694
1655 1030
1072 825
1341 1237
1869 1586
1393 341
1078 782
461 782
929 1763
1410 479
519 1039
1073 1386
362 725
1856 1920
1111 736
1145 1101
1686 380
894 1242
1317 1625
853 88
1614 571
51 865
269 1988
1937 1961
1826 1330
1841 1855
1504 263
1006 484
257 359
1111 1865
1059 489
1918 790
1229 23
133 1353
799 764
330 1753
1445 718
1840 107
187 883
1415 1713
813 608
1489 1187
191 3
1665 1705
800 761
1267 533
652 677
334 172
822 1303
1328 118
1422 636
1422 510
1613 1115
1495 951
626 1305
1852 1103
1334 1445
1542 234
101 779
715 1996
1110 306
1904 58
1081 1318
716 682
1415 297
803 971
386 55
1153 888
165 1554
586 1255
1186 698
1905 1178
387 1573
1461 1552
999 990
1928 328
1022 999
536 416
466 507
947 510
363 1918
1380 153
581 1001
310 523
422 720
1347 38
1265 1579
93 559
1768 1352
1104 358
854 843
1401 1229
1931 1642
1140 1968
286 917
857 909
1924 1142
337 1217
1816 1598
767 949
1288 1969
1962 1644
358 86
103 251
1738 1352
1053 1255
1666 1024
577 1217
406 1846
652 568
1433 1536
23 1617
863 1160
1623 921
1247 1577
443 192
1492 1099
629 917
141 78
1330 1247
366 872
924 214
1259 461
457 1908
1063 1845
372 900
377 1720
442 1682
490 492
725 448
1683 1607
1384 672
803 1718
1549 176
471 719
194 257
724 535
1031 583
1722 656
1550 229
1603 1593
1883 1745
104 1935
1237 303
1849 239
1972 1371
773 1134
576 1391
1380 670
545 812
1728 1330
1977 1529
1032 112
424 1333
201 346
182 613
543 486
978 934
696 978
545 1957
335 736
960 1871
1644 815
391 1007
638 1835
1290 442
1747 44
790 1157
149 800
1558 404
1979 285
429 790
611 950
67 1242
1599 785
162 296
1967 1553
1077 1929
1027 1074
1790 879
7 790
503 188
1742 1188
1068 864
95 1796
1313 854
919 1614
1351 876
284 1385
759 1702
1701 1
1994 798
772 1355
1039 1850
956 108
1507 1255
844 1808
329 1927
1411 1635
1573 1464
427 1316
974 1861
811 1095
514 1846
92 451
1229 1213
1737 1877
1127 1919
95 962
1982 95
115 631
1371 215
1211 1435
535 1870
1208 1581
513 594
1961 244
1929 589
584 1388
547 1444
1745 911
942 1660
285 1232
19 1642
1724 1461
1085 1296
1348 668
1595 1575
231 1217
1107 1855
388 870
2 1471
256 543
1414 1480
1113 46
55 1548
39 829
877 588
745 1400
1515 429
1807 1465
22 1028
1941 768
1830 102
1168 118
571 89
954 1875
376 1515
170 1142
342 20
284 38
1223 1795
726 920
266 646
892 1147
700 1015
736 7
1958 1011
706 1375
1589 946
537 154
902 1922
236 1564
154 1314
1018 896
1039 1900
400 1247
407 1328
613 214
456 156
1291 1362
1926 701
950 261
89 589
89 539
1677 260
1177 11
980 1308
1292 1249
336 437
1569 1580
641 1095
1331 386
826 763
479 521
795 1734
1834 1500
763 1250
637 574
128 573
57 1840
1798 1274
1638 619
1451 262
1277 903
244 271
1323 1410
619 531
634 1172
402 482
877 940
1477 1110
72 1431
1052 1564
56 981
870 1406
1288 103
806 250
34 505
1919 275
1871 1634
1203 704
953 1348
229 1728
1593 1903
205 1219
1269 131
1586 961
565 1845
498 155
1351 1635
1469 1369
749 1163
1634 937
1023 968
46 1678
1128 931
94 1852
79 461
419 1861
1242 484
1704 1648
777 863
950 169
1121 1497
1287 283
535 178
1424 1828
1646 1037
1728 798
1462 1924
1188 315
443 1013
1723 1277
563 160
269 1177
1439 821
857 1889
1518 882
1852 516
1322 1867
1287 1740
450 1879
1915 1087
1083 772
1246 1206
1829 1348
228 1409
1663 928
290 23
1799 1146
841 1080
356 1166
606 231
238 8
1672 1763
1298 758
1751 1892
985 1234
222 82
439 1202
1831 663
928 1976
1429 1148
1206 1452
69 1788
5 1960
96 1081
1508 1979
429 820
1409 26
548 1039
1124 220
110 1064
471 1727
471 276
1619 1563
1461 436
1651 1090
1045 549
174 1181
789 1683
1069 1263
354 1675
1469 1357
262 126
1180 1654
19 1506
202 348
268 843
572 683
1380 906
806 1977
1305 1122
1484 747
1383 248
1686 897
607 1146
118 645
1448 1581
1764 1973
1164 512
1542 1400
1522 157
431 153
1875 1781
1194 674
1866 1145
900 1625
1870 1272
1751 22
544 922
833 197
908 1579
1080 60
462 515
1981 1148
57 1153
1633 1416
735 267
1440 1145
567 1435
568 1410
322 299
1636 450
776 567
263 1732
1874 375
43 1256
1828 853
729 616
15 1755
1077 1533
499 146
1181 1842
599 43
647 206
1119 1960
455 1595
1972 906
1961 1584
597 487
231 1442
1124 1608
305 1614
1206 259
602 730
1471 757
250 160
144 1283
1092 178
896 704
328 1206
1925 206
1751 233
739 299
595 714
1106 1099
239 1279
93 1463
1707 1467
379 831
563 1554
936 365
661 762
801 1708
429 688
1176 370
1510 1449
189 356
1122 1775
1322 822
767 1428
841 938
527 1211
447 1090
1972 563
557 1594
311 309
211 1536
1180 1794
1150 1031
967 1799
1654 1207
1523 1324
257 97
1749 1553
1733 51
1838 803
1168 783
1475 1454
1034 456
483 275
1280 190
1191 352
1178 128
1081 303
104 1918
1599 700
227 1335
1864 1518
1260 137
428 966
428 1564
1135 1729
1329 1569
1860 1360
602 924
663 598
1025 564
1575 455
1858 671
1708 1278
898 1512
978 1462
1055 263
585 1543
13 15
75 327
953 746
1977 219
702 1216
1494 1684
368 1850
216 1216
1893 828
502 606
1306 477
279 189
1096 660
334 1107
1552 1947
1187 507
1701 252
1921 899
1997 700
1362 738
809 991
1361 1504
1833 1374
1181 785
874 1452
737 705
718 91
1598 1281
441 147
1325 798
282 1238
940 479
1687 76
85 1811
556 144
258 606
104 1797
980 1989
35 731
961 214
410 1878
1505 1185
524 724
904 547
223 801
1330 755
224 1708
797 876
1567 1471
1572 1589
987 1048
4 379
1494 1996
183 578
1987 774
1802 437
435 1778
12 121
1413 264
1250 1282
1248 661
1207 1007
1210 1453
1363 867
898 1440
363 479
1533 1191
594 1121
1542 761
572 955
455 749
1653 1572
905 1313
1427 1157
890 1416
965 156
1423 1186
1808 660
717 528
672 1963
473 1357
526 359
1344 1183
564 626
1368 714
1082 1546
104 704
1909 119
393 1880
1466 639
1402 259
333 1205
1139 1808
1649 134
1123 1111
4 1146
936 1806
1878 1807
28 1592
974 532
1154 115
1936 1197
408 854
1060 1407
1900 79
163 174
297 826
1214 1289
400 1941
1714 1940
1231 149
1815 1832
427 1135
690 1726
1561 1322
150 627
1446 612
453 174
1132 848
394 807
1807 1636
532 947
1361 373
758 1836
1537 690
1219 1872
1726 966
661 981
1406 1618
981 1096
1197 1069
466 270
693 1819
970 1110
996 1062
468 1622
249 1353
1847 1614
1198 1492
194 995
654 1887
1831 691
33 1624
6 1061
347 1527
449 229
1185 1047
1249 792
1388 528
1150 1402
1249 1667
1821 261
210 307
1524 1412
190 222
1070 1586
1256 317
92 107
1139 1193
733 624
1365 1217
298 1171
1890 238
1900 622
162 1723
1679 739
1584 1738
1137 991
1535 1829
1172 1574
228 1419
142 1790
1735 1360
795 801
1139 349
190 1790
146 940
1020 613
1888 612
790 1730
1032 1828
959 217
1816 83
94 108
1161 1710
1563 1252
207 1043
664 810
101 987
499 605
657 884
1069 53
927 1966
1864 811
1934 534
560 1970
1132 903
1112 564
313 267
585 93
1307 1502
68 831
791 276
1477 886
262 544
336 1193
688 1282
600 650
755 169
778 309
392 1076
1729 1381
230 438
692 915
879 339
1458 212
1471 1508
1775 1918
1660 1294
1261 1935
256 560
702 1990
829 613
1427 1579
1246 545
869 1506
1522 317
1672 1626
1850 7
164 244
1749 982
166 1766
1713 538
1483 628
499 1227
1084 1886
62 1033
1664 254
1130 513
1182 1183
1191 81
1358 1733
104 1709
1275 1901
1114 1876
841 1503
714 1694
620 102
644 1104
1694 136
1119 940
1442 1783
184 100
1320 1471
1050 938
905 996
23 1948
1355 1543
1509 1550
588 1591
1539 634
1900 1111
344 328
1760 423
1850 61
298 85
343 1508
518 1558
158 1716
1448 734
1158 361
1994 1285
110 1475
638 887
1496 126
1892 1744
1501 1768
270 1102
1624 141
382 1786
501 356
1159 735
872 1216
1435 1627
1363 342
848 1153
1762 706
566 1421
1940 124
395 1541
1769 1315
1244 347
1862 122
1601 1115
990 149
1395 1110
1492 254
642 934
393 124
709 535
398 1016
312 1032
1496 332
649 1188
863 621
164 1455
1877 1396
411 528
921 1665
414 1616
50 1693
98 191
212 633
1422 378
1418 360
1144 1355
1229 1726
359 638
1279 1332
1899 1769
1872 1099
1737 1625
641 371
990 1236
865 226
199 107
1723 281
605 1427
1398 1180
877 1361
1755 1734
375 550
24 1365
818 1828
394 1656
301 153
1176 678
1022 27
1077 1326
1705 1785
388 1639
1082 998
1154 403
936 822
1787 1100
804 300
873 1084
494 1940
8 428
1313 1699
988 417
905 1107
1280 186
1650 465
3 318
264 1190
1625 1873
205 532
1703 1035
1233 1134
1096 1983
1602 1557
1897 105
489 405
1213 1722
1415 175
1865 1131
1572 87
1025 427
1565 1271
275 229
104 499
1290 515
522 693
477 401
289 1377
1482 1094
1840 884
1721 1806
403 876
1078 1598
1046 714
1024 1533
1410 1316
1741 352
1649 1347
655 1559
1830 351
843 1606
1845 1037
195 1689
780 878
798 1860
1985 1908
230 468
296 618
404 71
1454 832
1636 1854
709 1616
1073 1174
307 1146
855 1295
1695 959
509 33
1624 698
1065 1388
1001 1224
1623 554
1315 690
1079 1115
180 866
1328 997
596 1208
1374 1953
60 1881
1650 392
1155 554
1108 262
749 26
1543 1733
1191 516
525 1913
517 656
596 921
316 384
785 904
1866 1218
160 730
99 1674
1364 1684
868 1164
1853 390
1738 717
336 211
1142 724
926 968
1366 1101
1983 827
350 1800
1912 497
439 1092
1280 1799
1841 722
1700 1316
528 864
1195 681
726 1198
213 579
1148 1228
912 844
1881 798
1025 479
966 984
1705 1368
740 1823
1626 1693
450 1117
1660 1498
92 1725
313 1199
1704 979
389 410
1368 1321
561 649
1097 1162
55 464
422 747
1661 1040
1255 291
1069 854
244 1987
975 1698
1688 968
1196 859
787 731
1434 29
712 1139
604 424
1202 38
392 52
131 1400
1073 590
192 448
144 853
1192 508
744 1754
0 1984
37 1671
175 1374
114 1945
1103 859
223 1190
997 1084
1211 1911
1356 418
1105 436
1426 438
1134 1367
219 703
390 1116
86 980
1914 1917
1631 303
1794 1390
454 33
770 894
648 76
233 724
178 249
1038 1336
1646 804
1912 1889
340 1859
320 956
476 630
554 984
184 457
1071 407
1765 1877
1442 577
556 1988
790 1797
1164 966
1809 1339
289 1447
78 1838
1950 504
343 897
1835 1210
152 1670
47 1711
1606 187
1983 574
52 1977
610 1636
691 982
1917 813
325 42
708 1955
567 1873
799 1170
1255 529
1057 888
1091 1100
1183 919
779 276
558 1500
1963 1178
589 439
1249 1372
207 1739
296 410
5 1282
1282 1956
1552 1359
1998 1384
814 1336
427 1302
1504 1732
963 1696
1617 1705
1609 875
1759 1743
1356 1924
554 200
1985 345
300 1927
354 1627
205 1719
1022 186
1237 1542
955 742
1237 1318
627 152
133 1142
1705 1762
353 287
782 1879
1081 749
722 1752
276 401
318 1895
313 351
1842 332
1830 47
1633 1148
1307 1924
1335 429
1610 1847
1309 197
1747 1487
1192 910
1682 1306
1336 1988
14 1074
278 334
948 1572
432 1702
1946 1061
1614 469
768 576
1522 1308
1314 1376
968 1955
185 34
69 1223
1552 957
762 810
1413 1510
130 1824
1094 1899
1555 455
568 414
1915 107
1063 86
636 935
647 1874
1742 1167
1565 1734
148 741
684 195
393 945
32 669
277 1019
1932 1739
129 1588
1830 584
1195 1050
1112 1381
1323 907
1692 1193
383 1162
1457 203
93 1386
679 109
1229 517
763 688
1877 46
51 118
972 1365
857 1522
311 25
1615 435
1115 172
668 74
32 823
1819 48
37 1899
689 261
161 352
961 1906
951 87
1786 1325
425 1590
441 943
21 340
1129 1219
1913 1764
1536 28
529 232
23 1367
549 1057
1574 669
1339 1973
1293 85
1346 1124
923 572
1580 650
307 1701
1884 82
1292 627
1798 634
1699 278
5 473
146 985
569 345
1692 43
858 1540
1654 1485
960 1846
3 59
1216 1110
901 1309
1162 1479
966 415
1222 1358
293 407
178 1666
1738 836
477 813
1070 136
894 697
872 702
533 1439
45 1999
762 1877
804 912
1797 5
1160 1368
1838 141
389 587
1165 766
1977 1694
760 1289
1441 1701
968 1937
1385 803
1012 801
1163 781
135 1789
949 1998
1287 961
1959 681
1991 368
46 1193
1251 1537
1555 333
1900 1551
479 1767
480 803
1867 892
1797 44
402 1137
447 648
441 735
1113 349
147 357
785 754
1985 1467
77 811
1377 1456
902 1740
757 480
959 1700
570 1426
611 723
961 1671
445 56
578 1345
1738 1546
925 740
590 1140
1802 671
1339 1763
22 1795
1321 1233
620 786
1338 1142
1594 743
1808 237
1858 1969
234 1841
454 1100
471 1387
439 1191
1536 1436
463 1170
1233 706
150 515
1994 1464
1480 1484
1761 804
921 554
1993 1702
565 893
800 1701
814 88
1499 1405
1683 1228
1252 593
284 1649
1194 1974
489 836
1212 1992
1641 1658
443 551
85 1937
1428 889
927 571
178 765
913 987
1715 839
538 297
232 476
1341 278
573 1746
1525 1514
1409 1148
1092 539
1232 1199
494 1650
728 440
749 423
349 746
1230 266
1156 1426
62 50
943 1202
615 84
1217 1902
454 1202
546 347
145 300
559 948
402 1
187 1419
1620 559
1243 173
1840 1516
1619 243
11 405
1562 1136
1434 134
1412 1169
1759 19
180 839
1034 1845
943 63
179 1072
31 1513
1658 1376
1422 99
1622 898
888 1554
1526 1917
307 720
1714 385
565 661
1244 1686
1387 1867
1142 588
1427 175
396 1364
610 742
142 747
603 1103
81 1795
105 1532
757 735
1797 1261
1793 317
1496 262
643 1318
21 307
702 1900
1051 1005
1426 1228
589 1614
51 1073
469 89
1139 106
9 385
367 1335
1637 1576
1440 1670
369 1205
1533 1539
1464 474
1881 55
1059 1993
1595 996
837 119
592 1746
858 1408
961 250
1868 1807
1135 1122
676 1283
1105 371
1093 32
986 1886
1362 1611
967 1690
1429 1156
606 1707
756 697
193 1019
1328 560
1304 1101
22 652
1576 1223
1566 1901
1925 935
936 1602
1742 1191
1188 277
1469 1700
1264 1317
502 1680
1481 1647
538 1184
1742 347
1267 758
1359 878
630 983
1330 35
1852 1092
323 1839
1531 1927
1943 548
196 1050
1106 641
198 728
1783 1505
673 882
17 320
1480 303
1786 689
1474 1043
1071 1313
1566 1305
887 328
1520 673
83 1395
1056 532
326 1894
1741 1220
122 1175
1137 1618
1791 188
520 704
1580 77
1301 1160
735 1385
463 83
757 679
1477 1265
1606 977
579 441
1439 1939
276 813
1462 617
1703 1696
1304 239
1059 1674
1678 1125
892 1243
1949 1176
1169 602
460 1723
1874 48
1494 792
1939 997
1884 1542
1041 1719
1226 1989
110 1322
1693 97
1558 450
269 1688
581 158
1273 1865
847 11
1870 794
1545 1445
946 1936
1737 1248
1733 1304
1109 284
872 685
1377 13
766 738
764 1951
1550 311
1167 1666
877 1261
364 1365
1051 995
192 1001
40 1173
1277 933
1842 1491
1603 210
1986 1181
1559 1881
1875 137
786 522
1365 1254
432 164
1817 1507
1247 1420
1334 532
520 1369
961 1045
1061 190
1113 1535
771 918
1229 1208
1004 1286
1727 126
75 1108
1873 145
1545 1685
1310 1487
1678 1535
827 1634
1890 862
1860 695
1059 1128
1720 1909
743 1538
116 671
534 742
591 1214
1482 1289
1679 435
1855 1062
843 1263
196 295
1086 1552
731 793
496 1295
1379 664
244 1768
1685 419
1126 1325
720 1750
1797 383
1679 287
1052 198
1541 1349
1883 49
967 139
1023 676
1834 177
1559 1324
31 802
1066 1655
265 889
1494 158
11 1054
632 1134
1556 1382
1772 1749
864 1708
260 788
36 48
848 107
1325 386
497 382
176 716
1262 120
1609 1424
1866 779
731 638
1397 1861
510 1023
1784 1867
1189 1716
180 1695
522 1887
569 1458
1602 443
520 1833
850 568
1486 847
74 372
157 712
1757 990
1425 1559
112 676
967 1693
1767 1729
1993 1359
814 889
1545 606
707 625
1654 541
64 1805
340 1810
1828 254
899 311
281 1057
152 1682
952 1466
1631 1354
204 1403
896 122
1215 197
1396 116
1336 1428
333 1739
367 866
27 722
1900 659
589 305
1648 1680
1003 1863
1990 83
1006 1980
373 652
1474 1419
808 1928
1525 488
1466 313
1167 1067
211 893
1996 785
1289 888
1019 319
808 70
1493 240
1593 240
1513 407
111 1180
149 1587
1255 624
60 667
296 325
453 332
961 690
1713 175
505 1284
1172 249
203 1578
1412 1725
883 1416
1814 1341
1922 690
831 1884
1193 744
1645 1040
110 547
1551 292
738 1294
527 391
1643 1456
1510 78
1689 1601
115 132
1241 350
1325 221
1666 516
559 1358
1318 761
1018 1378
284 315
156 655
1248 1125
1724 1490
361 840
1438 24
122 1574
1582 1517
1363 1881
576 1005
1754 893
451 321
1394 1361
682 491
958 64
1685 1075
931 1635
1102 301
149 66
472 1574
1328 1812
1760 1341
1196 1795
1019 1508
438 19
1905 1945
696 1270
360 1579
1888 414
267 1085
1923 1786
1820 126
523 606
1993 949
949 1059
1530 1399
176 711
1958 555
1958 334
1722 76
287 301
1062 616
1419 640
1231 1318
1647 749
1560 774
786 1054
1633 268
1174 226
1451 551
811 860
1103 1736
1994 1327
932 1137
324 1908
0 289
901 454
1441 1280
1648 1445
616 1237
162 1130
17 598
719 578
1991 1281
1151 1658
1781 1764
113 669
198 1599
779 468
703 595
1611 1393
1081 1439
605 861
1613 1699
272 801
947 853
813 791
583 1195
1088 1042
520 1695
477 1620
161 17
1232 12
1434 1661
1765 1802
726 1468
344 635
1099 532
1219 1171
611 1898
1298 1642
1060 954
1766 603
88 556
386 130
541 56
169 526
809 1354
470 837
1035 1201
1754 857
1826 261
946 1932
892 1475
327 515
402 168
397 392
785 1001
1930 1899
47 573
844 1592
866 217
1613 423
87 1349
620 489
1849 1660
1984 1232
1684 1454
999 1803
1911 1654
1360 492
1096 1634
436 244
1685 1047
1232 915
505 194
1223 1274
576 1225
1465 1489
452 1256
1771 1839
1910 1186
1056 979
1920 738
84 1691
1411 489
1099 1823
975 428
1007 1104
1896 60
913 150
1540 475
1373 410
1456 63
1113 1678
741 199
717 878
512 613
1538 1890
1049 1955
384 22
1746 1734
147 1199
520 553
1553 1093
964 175
1444 332
1665 503
1731 776
32 615
195 1519
1376 894
1253 1814
172 303
350 553
1816 988
579 1042
829 1922
292 1121
1231 1480
1095 85
1691 1574
1543 1073
1766 859
1667 365
316 69
1095 860
1410 1729
1257 1748
322 288
1985 969
859 963
794 1661
1278 1054
302 1577
1804 638
200 338
1005 1771
1204 85
887 1573
1963 1830
135 1692
1430 934
1576 642
1047 1405
199 1132
342 1530
1418 429
238 129
1539 732
295 171
1904 224
1984 797
1052 1016
556 1811
348 1307
501 1615
976 1463
300 156
1499 947
1760 917
501 1551
80 1176
464 1632
1784 241
579 193
1321 1291
519 1478
38 1167
36 112
692 828
839 297
31 560
1864 708
1810 1655
1337 1684
110 1299
924 1235
1991 350
1641 1593
978 1532
1647 286
1251 1869
1816 335
745 722
1721 470
786 759
1898 1276
1714 549
1375 1155
1941 1391
707 1046
1415 1953
720 168
1981 374
1570 1399
1472 1666
1812 1205
1093 1741
873 1205
1568 875
0 141
1247 1710
844 574
1326 320
359 490
226 719
344 583
442 547
430 1506
1619 1066
1015 1525
1616 1175
1046 625
262 1512
279 605
1291 1986
1597 1003
1423 1296
1980 1575
1600 725
1752 1884
1887 298
361 1518
1107 1231
1206 1161
385 1769
1115 1081
84 64
920 30
50 1407
1252 929
1329 1468
1469 790
1473 1484
1784 578
744 1433
80 678
1883 1084
1946 154
1514 849
1160 656
526 1860
432 1428
182 140
1753 1146
131 555
1248 844
1243 1540
89 1182
1077 1191
816 38
487 1076
1676 537
659 1800
1240 1971
1725 1090
1525 1791
1268 978
487 433
1174 585
560 543
462 557
280 1978
1198 1468
1785 862
833 1736
1753 484
41 496
1557 766
381 1327
1429 883
1649 1091
868 1952
1599 448
252 6
46 664
1059 1384
185 674
408 72
247 677
1699 996
272 264
434 702
1420 1452
1244 1766
593 1763
257 993
581 738
1097 1415
1729 1378
877 1316
1857 1640
1329 737
257 720
1999 1194
1592 1761
555 1519
1917 1909
565 1125
1202 1450
164 1961
1578 657
1519 946
7 1157
1914 1048
997 1197
808 485
415 136
588 615
692 1449
974 424
705 1176
1 1488
1803 697
1715 1598
973 1866
1560 550
35 1612
600 502
1396 237
1420 194
1867 1209
1489 1094
1777 645
1066 995
1312 1313
1576 1788
1167 919
922 1064
89 1976
1694 219
1131 79
1685 220
1871 116
973 1792
169 1860
1958 854
995 491
1101 14
169 1735
91 810
767 1688
1221 1762
1719 1925
802 1606
161 40
1608 1808
711 576
778 344
77 123
1254 1458
1663 1434
517 902
1883 1657
391 1789
149 1689
1817 1791
1958 72
920 891
888 531
1910 1734
1116 1023
1527 1663
1436 1737
1855 905
115 1565
1741 1576
1149 639
1988 375
1748 1236
853 1995
536 1556
980 1324
1438 1634
1086 1738
1420 1464
1154 530
323 257
1840 1087
1617 1301
786 949
114 1385
1144 858
141 1643
788 746
240 379
861 959
1020 1650
401 253
1629 1849
1385 631
1135 180
1891 1735
903 460
352 347
587 1844
1012 1178
1856 1954
1911 1435
1511 116
1010 1771
71 1868
685 1102
109 33
1732 524
281 250
1620 585
1767 704
1457 425
1236 1441
418 1616
395 1968
170 1966
1469 350
1770 247
1472 420
1239 973
1059 1054
581 508
1055 825
774 1546
1033 1340
8 613
1564 488
1020 1537
372 660
1246 755
656 707
603 1528
232 1393
345 337
1014 1879
1949 1404
1252 400
417 61
80 1348
1772 856
815 254
1811 254
763 1566
1719 1644
569 673
1871 660
1556 139
221 1517
1578 1117
1348 1625
907 1700
722 1107
1750 1473
673 1405
2 1178
226 16
939 947
213 1460
415 596
1969 1608
3 965
305 623
370 251
168 1859
931 1384
1204 636
1968 101
524 1597
1930 498
523 77
1664 582
537 1137
1676 720
1695 1135
1120 1991
761 388
1791 1221
159 267
1873 1765
299 434
555 1699
96 1414
254 969
342 1080
1727 508
543 821
356 782
1021 565
723 1851
1286 1039
192 1817
1302 1888
464 143
1422 811
251 1113
969 184
193 1547
514 1511
534 1865
1996 1152
9 1524
1040 1852
1618 1803
389 1679
711 1060
731 309
1882 1331
651 617
1929 1432
935 151
1490 151
1105 926
756 222
1924 1093
516 1929
32 652
1976 539
638 491
822 1053
97 1875
1279 1083
1598 1157
264 1546
1395 548
488 1952
1880 338
655 644
1611 1599
1785 1020
232 1668
1517 1330
1136 1405
157 609
611 259
1133 1362
758 49
1215 320
200 1952
1306 470
1059 847
124 338
1085 1501
274 1194
244 411
286 905
459 925
1690 139
350 763
927 1103
588 1597
1962 1105
766 1224
819 884
1998 1461
246 1234
1421 1683
1339 962
1873 666
63 1182
528 272
1784 1526
1729 1709
1769 1554
155 1524
926 269
927 166
480 592
1217 650
897 579
8 503
153 1009
590 1743
1801 1050
554 428
1128 99
991 1575
275 34
927 691
448 394
1183 956
1077 1847
1617 1594
1382 1225
1033 607
550 1961
1858 437
1391 50
161 571
1153 1169
802 1683
1036 1430
1856 1013
473 1275
756 334
120 886
1350 878
589 794
1571 327
1987 1082
311 359
57 1972
363 1767
1832 1921
1072 1532
1110 1373
415 487
1821 887
200 975
1867 1498
304 1112
1049 968
1068 454
1411 1461
713 1649
391 1125
584 528
1221 1393
1281 1357
1110 1008
1430 32
1127 474
1579 1956
36 99
1695 820
1551 306
1017 1144
1422 1664
298 1925
56 1139
1151 1803
881 1930
1620 253
1275 279
24 840
1671 9
17 1215
302 1563
151 974
228 65
1592 1737
1392 571
244 889
50 248
1451 1842
118 49
1755 1910
1284 490
1274 384
1489 1524
830 24
289 33
1849 90
389 964
1254 370
920 1129
1835 194
1830 998
1332 1463
1024 1223
1068 573
269 1998
836 412
276 913
1504 1097
51 559
1755 147
1814 1662
1153 1524
1356 1172
60 1285
847 411
950 1246
865 1386
333 1267
18 896
895 628
1440 1387
1421 1777
172 1431
1523 1331
745 1631
672 269
1736 956
1015 341
1498 262
1454 1727
1988 99
867 130
1565 58
1292 327
1445 840
197 1742
408 96
25 449
1270 1446
1797 1418
708 88
1466 1768
1381 1212
266 1904
1826 1898
1761 406
748 1096
1023 1955
1889 1921
1790 186
1867 1682
1952 398
1989 1895
1629 438
1448 733
1212 179
997 1148
500 62
983 1213
579 930
483 242
368 473
1290 126
730 1132
1562 737
114 631
1396 972
29 1736
639 164
301 460
613 1141
1020 136
947 1861
425 1825
1861 1099
1698 488
1891 1821
992 1974
30 123
1494 822
632 1986
1139 336
773 1880
1431 234
546 1067
1851 1126
1659 1511
678 668
1477 297
1099 1819
563 730
1078 417
1438 1697
194 400
1609 767
111 1717
11 647
306 322
1620 1073
698 1182
1069 1782
1507 734
1557 1727
612 1300
1865 686
1136 788
525 954
1007 1692
380 1019
1710 309
65 408
402 1257
68 1473
1578 513
944 1464
444 1389
569 737
1593 340
525 1693
776 712
910 1451
1357 279
15 698
546 1183
480 1945
1686 1831
985 1120
290 1375
623 1274
1942 215
1381 524
1747 1286
189 1281
1635 875
899 1786
736 1778
1386 559
199 563
131 1782
600 925
1390 318
87 1074
1450 1230
1008 1558
1542 1269
750 69
1357 1956
1060 1619
1602 910
1626 1573
1722 1160
1188 1230
1149 1411
116 844
327 291
1550 635
358 354
1001 983
1946 1790
20 1959
1164 648
1954 1920
1809 993
1062 662
1485 1983
370 664
209 1485
67 1750
1389 854
744 541
951 1017
1793 98
280 881
1865 1166
1102 1110
1515 564
1156 752
1658 1441
202 1268
1456 1610
1371 657
1502 1788
1611 1602
134 691
1884 1237
1041 979
1173 202
1449 1708
1954 715
294 712
1420 874
828 528
1517 1503
545 1285
1423 1091
888 1978
1606 1419
1818 536
1273 1615
1649 109
1876 914
1173 29
105 376
1414 1662
285 132
1690 402
636 1925
1822 750
862 1052
252 168
1720 1706
1353 751
1459 1704
1001 394
796 651
638 274
1758 132
1613 1958
1261 1119
970 71
600 633
1660 1444
1419 843
1817 529
897 63
275 505
1809 97
646 1976
875 1384
1567 1718
659 1098
1306 898
265 1819
601 947
1792 942
1957 1360
51 1140
630 1600
103 972
1420 505
1972 694
1237 1699
297 1747
1391 1383
1898 899
753 1111
1170 1907
314 989
1663 249
1220 1077
641 1962
1133 706
1370 841
261 1675
1693 1764
479 1112
1367 398
416 1242
1229 1301
280 1586
1220 1035
1849 627
203 534
562 923
881 199
1019 441
1849 1083
1108 183
1446 1234
1018 521
980 452
1631 1269
55 583
1115 455
1137 1587
1681 973
1392 277
282 656
1236 139
515 75
1994 545
90 1620
541 748
395 49
143 846
447 924
1452 242
1683 1474
1813 986
370 1949
1400 1855
1633 821
1112 1175
999 1631
1709 524
588 32
88 1719
427 1729
176 1810
1780 1402
350 1415
438 1543
531 1933
564 363
1711 1296
872 1102
349 370
1598 434
582 969
1221 1319
789 1743
1804 1452
812 938
1034 106
434 189
1284 311
923 1057
679 1471
1555 1081
1313 408
1837 1793
1934 120
973 976
1561 1048
362 863
1748 484
94 316
1207 1625
1290 1306
1828 552
1807 1087
916 1651
127 563
1140 150
844 349
1083 470
1925 378
1323 1381
226 468
349 1193
1468 601
1244 1663
1679 1373
932 1414
1801 1331
688 839
1196 1967
901 319
1912 143
501 1286
1369 908
1669 1910
1377 509
1320 33
501 299
534 753
77 979
499 861
1301 1922
224 1359
668 661
845 1834
472 1967
368 538
1291 614
1538 448
451 1869
1750 168
1782 917
1984 1068
1253 1341
225 527
68 1236
64 1775
934 1268
1252 1919
1058 1871
892 1463
697 190
1631 1544
1414 991
1317 406
335 1004
1546 1461
914 1116
1433 1207
337 718
683 1844
1148 1298
479 1775
1019 1975
1885 1537
484 1033
87 49
1164 1785
775 203
396 1997
1414 303
1309 1202
324 1248
1480 1061
1517 1916
1530 1582
1099 811
1570 294
148 619
1933 155
1580 1346
1211 145
354 1882
838 94
331 1788
1278 223
1745 645
274 874
1930 1933
1808 514
1804 1127
47 78
28 1678
1920 1588
552 310
1017 559
1539 1326
1579 790
557 443
699 411
365 1716
426 1854
1074 1589
1623 1529
668 181
1810 379
1881 1570
899 381
1925 1333
1405 1254
102 550
563 741
1530 1570
1765 117
1759 1101
37 321
69 352
763 1800
1759 948
664 840
1305 1234
1898 1582
1026 1336
1512 1667
166 1067
1692 1021
736 1179
422 210
1329 1185
345 840
1477 1123
1553 1172
244 847
1415 1469
726 1834
106 599
1933 1590
1213 503
1963 699
1993 1461
1361 1822
710 1625
1895 1435
644 300
363 1446
1098 450
1706 590
1704 641
1139 116
1040 963
608 1894
550 1947
1921 1801
1338 823
1293 969
1707 260
565 844
495 938
502 650
265 814
742 594
1704 532
19 173
1688 875
1593 1280
1017 1073
632 290
825 373
351 1350
1149 1352
1074 1349
585 1720
1068 147
488 1321
518 933
500 1750
1334 891
1677 671
453 1108
142 1237
1722 1401
1851 295
1004 1907
1273 83
1196 796
941 1836
576 1210
1703 732
1584 1359
1337 1372
1869 433
1089 319
62 70
1450 1945
1567 1320
19 1534
808 1407
1334 204
1331 1308
642 84
1150 242
892 1682
1111 886
589 380
1022 880
158 462
1022 1061
136 517
1889 318
1044 459
1488 1556
1818 1756
169 1311
435 270
739 389
1459 1405
1994 1276
1772 1661
966 1665
880 1062
102 412
1670 1806
370 1136
289 2
1644 298
93 1145
936 547
1103 1528
282 160
1320 355
684 843
339 1079
691 1220
1002 1147
249 603
147 1471
573 115
699 672
1901 877
1080 1308
1154 717
1612 45
414 1018
17 1182
1571 515
1221 1986
119 719
1889 723
899 10
1028 32
1673 1192
1677 960
409 585
1317 1808
1748 330
1141 658
18 146
317 86
287 622
805 1968
762 1848
815 552
999 190
1328 1965
1315 760
919 439
1733 1002
1340 729
436 1059
777 807
374 575
752 1218
1553 1744
124 1020
550 1584
415 1722
1887 432
1815 1923
1594 581
702 1652
1862 1338
1062 66
362 1233
1537 1412
1407 1146
1342 1878
482 240
1282 1281
1444 1294
265 1828
197 901
418 1576
899 1399
346 1816
1341 1939
1038 1688
742 308
981 1433
1225 474
1779 800
1791 624
799 1700
1300 568
195 369
1065 584
1727 453
998 1738
1867 291
142 1242
1393 1001
1157 1240
145 406
421 1253
1792 719
1213 743
330 1701
69 1036
1132 694
1888 1805
835 1150
1271 1154
891 419
114 1019
1339 245
332 551
552 818
1830 489
380 161
456 712
1528 1196
825 677
229 899
290 1564
1971 866
776 804
1247 635
1455 774
336 937
1327 169
1273 782
1772 1093
483 1420
37 353
87 645
119 1622
1565 1449
223 1947
851 520
1545 502
1841 1231
472 1072
1578 531
152 1290
916 282
1097 1935
327 1526
710 456
618 1187
723 950
1638 572
1638 819
576 400
563 1769
1545 920
395 409
810 1520
995 481
826 356
1739 749
1951 553
1677 762
69 81
1457 513
219 1301
1893 1669
1525 1016
1750 330
1224 1667
1470 1169
1628 1650
1603 1414
404 426
1016 554
620 432
1624 266
1406 1137
1256 567
1656 862
488 341
637 135
370 361
1374 363
1515 959
5 1487
246 521
926 11
235 1869
621 614
1686 1460
1982 808
1065 1199
711 474
1211 300
1815 1916
1155 1134
1345 1843
1192 1444
1467 845
1170 553
1674 974
1878 1009
1064 515
620 1086
662 1354
1194 887
1200 1677
988 201
1584 1708
1520 1000
1680 310
1102 450
1341 421
638 1577
1137 990
557 1491
1335 5
1307 1072
1514 290
1083 1290
233 1430
930 1547
302 638
294 329
369 855
369 1011
1553 1666
670 1930
538 866
1623 1740
1940 741
105 1822
981 46
821 1163
878 1546
1541 837
1334 1505
511 1594
566 228
828 584
489 244
1341 1400
1263 560
127 1315
1239 1440
342 1245
1539 1661
768 720
778 1957
480 13
931 1560
1055 1343
1337 1507
384 817
821 1812
84 1744
1729 1951
1988 1461
133 1576
289 943
912 1829
985 44
508 1894
24 80
1315 37
471 627
195 879
1117 1497
1467 1562
1281 1971
139 1376
607 1242
1406 68
1184 908
1558 1636
1421 1073
321 155
1670 1209
542 317
77 1704
1132 1235
680 1493
275 45
1853 1455
900 981
1652 461
1704 254
1732 1018
578 1475
829 392
1063 391
1218 918
1482 512
1297 743
1693 1655
1999 490
1039 1990
1386 90
1365 1288
1544 1859
409 1358
489 1388
438 1968
1244 1092
45 950
1069 423
995 874
1779 747
989 447
1284 1031
1918 820
1656 714
824 1094
1617 862
997 1607
1990 120
1618 1
1102 534
248 500
1459 123
1843 1950
1299 1716
1943 1816
711 1804
1342 657
964 1179
1662 727
1880 1762
1828 1811
929 787
133 724
655 446
1116 1105
731 1060
656 1529
71 685
1378 799
525 1225
433 1524
1691 1003
732 1967
779 1174
1484 1603
430 1653
1224 754
805 1168
1120 686
1609 1038
598 1186
1114 1106
1440 1784
590 230
1553 817
508 1249
713 901
1398 445
289 13
830 1000
471 1806
708 85
452 1308
1744 615
202 1430
1469 1203
1349 1733
1882 723
1185 1044
539 1847
771 948
1221 129
93 578
1871 1677
1566 1374
69 1307
1600 1617
471 1784
1379 1678
1462 331
833 1183
120 435
301 353
150 1064
447 218
1653 1386
404 1187
391 1348
1741 1852
1479 429
1382 954
1894 1914
1550 545
1962 935
312 1874
966 554
1804 1974
427 850
442 910
207 1029
1948 428
272 847
701 423
613 1885
151 1998
1071 1555
861 279
1309 1186
215 690
1034 599
1231 1631
574 1625
718 437
273 677
1460 63
997 1519
1441 21
1947 1059
1991 538
43 655
1095 1955
590 239
601 882
1271 1232
1284 1206
175 367
627 1673
1088 1230
1634 893
1761 827
228 1328
618 1497
1456 1202
1777 883
602 447
960 1697
1442 1198
530 115
741 392
1156 948
1737 937
1644 1204
1589 883
1720 1813
998 1993
296 450
1459 641
1203 696
797 223
1242 1655
1528 1772
55 1801
991 1855
401 1866
804 1871
937 1983
1917 1968
856 1539
1815 1881
1906 250
797 58
1757 616
143 755
1375 863
1605 1652
351 717
962 768
703 1687
1619 1809
843 407
1190 1449
324 1075
604 939
1221 983
1559 20
828 12
354 542
1831 166
1016 503
629 745
781 1606
1763 1693
1658 210
971 114
1054 836
1589 948
787 1941
1640 355
39 392
670 301
1645 1450
1359 1853
405 351
1049 1704
958 1018
1037 1433
1923 545
1226 1570
1990 686
73 1208
266 1091
747 1593
1079 1555
346 1605
1026 36
417 1487
788 1580
1300 1135
1328 1932
148 165
1265 886
173 395
1235 563
220 1075
1718 12
1079 1318
122 1897
1819 935
1160 76
311 731
1336 1874
181 788
829 902
1395 322
1137 1841
1474 1073
646 197
1716 581
1004 1598
474 929
1207 56
1907 799
1731 56
469 1645
1051 682
170 623
104 180
647 875
1706 752
178 817
1794 478
1921 1523
1657 789
1086 889
383 1566
1402 929
1430 823
236 921
215 924
990 697
139 993
1630 60
1497 507
965 1789
1114 1719
1438 1592
930 319
478 156
1277 1008
437 212
675 1185
1230 284
1697 718
1122 1700
1479 246
1432 1610
999 66
707 415
342 1425
1872 424
586 462
1316 1381
1152 1319
498 1825
347 1191
1331 196
186 880
1786 1921
140 76
1938 1034
1136 237
304 696
1143 855
1964 877
1861 298
1513 26
1895 748
899 1330
1113 1659
254 636
406 1592
1661 1798
682 1577
447 613
96 234
127 1090
573 795
795 1560
1312 149
1151 142
1157 473
397 806
1272 1663
931 375
149 334
849 1319
1372 332
430 1029
176 485
177 1346
27 555
912 456
1375 1401
1354 334
424 708
136 690
358 1754
740 419
441 1100
1169 1266
1566 1241
1602 1192
245 138
329 1815
868 52
13 1296
1200 1346
660 456
1751 634
1535 406
1688 244
654 1521
867 1801
604 205
354 318
1671 610
1600 238
793 1210
986 1849
1275 1184
9 1315
798 1550
225 1207
1627 1390
362 1525
1929 928
580 1156
751 1220
1458 705
779 1849
403 78
872 736
1168 758
1273 1004
1078 299
1674 436
1212 373
1236 1061
1806 442
1483 1380
818 510
686 1487
963 316
264 780
845 882
22 1356
1943 288
299 1166
1466 1853
1124 260
1977 902
1503 1570
1399 1815
1604 1351
1348 1063
1235 694
1762 362
1280 697
1953 553
1380 513
139 768
831 388
261 1080
1048 1145
1190 1546
1315 165
999 1884
1349 1653
1167 420
355 1905
492 1464
658 392
986 1140
1588 291
1984 264
160 57
398 415
1464 1563
422 1946
1878 1265
1180 225
542 1824
80 1437
435 417
644 157
1073 837
1082 375
878 1384
1948 714
140 1714
1454 442
662 1253
444 946
1252 1577
355 833
1425 130
1915 321
275 846
260 80
1966 1035
878 1738
520 1956
137 485
249 623
257 243
664 762
1556 1417
858 645
1411 957
975 393
1925 1674
558 1333
38 109
327 1475
1001 700
1337 624
862 236
1420 1550
504 544
1630 1531
1713 1395
442 365
296 1342
1875 1974
1789 1037
722 65
1133 1255
1948 945
1294 1557
193 1258
1213 1617
411 405
227 1250
573 1768
899 1999
1048 470
284 1423
1428 1811
1958 1513
1009 404
947 815
1944 1917
1640 159
586 1475
1261 1833
750 133
1448 1600
507 1380
536 1593
1025 1203
1469 1729
1703 535
744 893
1947 1993
528 952
813 230
247 617
1344 1201
877 146
513 1585
1390 111
1081 421
871 1561
1108 1294
1653 1298
791 226
705 345
463 1282
1844 1111
237 1985
1555 496
191 317
938 452
1415 1170
1638 1933
1030 1750
1186 1347
1492 523
1526 913
1244 348
1634 565
268 1269
1062 1231
1869 465
525 967
260 1592
1858 678
668 1433
1960 246
812 386
586 1064
644 1794
960 125
357 1413
1310 189
1740 694
1275 1833
1983 145
1067 1191
280 385
1618 852
1461 432
745 1022
1371 165
1953 1469
377 1543
778 242
1763 1764
1564 714
921 1321
896 1732
41 96
643 1980
1269 41
1982 500
1194 576
592 1232
1075 337
228 758
94 623
303 1595
224 1352
557 547
1164 52
166 928
75 1364
1070 741
958 18
930 816
1558 1585
719 590
1589 1419
1639 697
1521 1129
1352 717
1275 1415
1655 1763
1133 1319
1995 786
1272 546
1401 862
94 1272
795 223
1272 1434
954 257
479 1343
779 1304
1964 1374
805 409
1079 1354
16 1147
1582 938
1079 1639
1178 1352
1204 1937
1946 879
1387 1682
584 351
1457 431
1980 1752
843 333
477 468
473 1170
1148 640
451 1825
1338 64
17 213
145 1021
130 1989
1915 1130
1161 1672
1741 1553
860 1333
911 1429
392 1583
1486 1054
540 1973
1251 707
1469 463
1670 1083
1736 108
370 705
842 416
570 444
1315 1930
1237 1689
913 922
1306 1660
664 1908
1249 551
1570 841
826 520
147 1758
459 740
1561 1053
776 912
1449 271
1047 1783
428 613
498 1014
1684 1451
1711 1100
1255 1997
923 1214
213 1645
1721 813
324 1034
633 1442
1852 982
301 42
781 187
1217 1500
1537 694
576 243
342 655
1693 1030
945 1529
43 893
1594 1791
151 1283
1787 1910
671 117
1377 1975
855 268
1640 266
1641 379
168 1796
737 1707
1487 189
1941 731
1977 517
721 1137
1675 1050
314 884
464 1276
348 373
450 1943
1313 407
193 343
1670 508
1920 1249
387 1821
1995 1961
352 1103
377 752
1518 204
344 169
540 35
299 872
1591 1028
547 1491
355 1718
729 82
898 1290
1428 99
1785 1529
1957 798
1844 702
540 1060
1897 934
513 1516
1212 1410
1634 1625
1194 1928
369 207
54 1156
175 519
615 1897
920 601
1385 1945
1633 1228
1413 1746
1259 346
748 458
1145 1387
1382 1764
1742 1547
483 1919
717 1278
207 423
654 1095
925 457
454 1085
488 188
1638 513
1979 561
51 49
1590 1578
1881 1916
1627 1692
1747 763
1750 416
93 898
953 1096
1239 1849
1249 581
1119 1162
1355 918
1996 1165
1922 398
215 1251
1700 564
1236 1690
1613 1439
450 955
353 1342
478 1881
1782 684
1777 87
842 1383
1575 1662
1307 1574
71 287
599 1058
329 867
1388 47
892 93
151 1023
210 1280
1934 270
1425 867
1870 1576
640 890
1539 546
1974 1763
948 1495
636 467
1256 318
1535 1908
1421 1745
1977 8
1807 736
1040 816
933 594
1959 980
490 1360
1863 1770
1553 170
293 977
826 1281
461 739
1851 45
157 209
784 672
1089 698
905 629
360 763
150 1101
1500 969
284 277
837 1950
1754 1837
907 696
844 1437
1621 1486
825 1597
1108 1209
714 1687
1518 1580
870 536
1010 1810
816 539
1193 710
513 1825
1939 293
208 1260
1838 284
811 1459
960 1139
1344 516
980 1896
705 882
1084 1027
1692 1659
994 1224
254 1521
378 974
608 544
601 1293
1413 272
34 490
984 1948
1129 419
160 1651
1477 299
1702 11
1108 1192
583 1530
1110 1478
354 1285
1562 1908
1258 267
603 927
865 1168
642 1805
1542 1062
574 1873
1901 1479
914 1872
308 1014
1214 1457
860 914
1614 598
731 1452
1202 698
1620 150
201 61
1753 6
1944 1358
1470 1070
1173 1533
1085 803
924 182
141 1258
575 101
1801 295
1036 1244
461 1934
1031 497
489 128
588 1462
594 562
392 283
1607 781
1745 1205
623 838
856 384
1426 873
1627 1895
1565 1984
1262 659
1752 186
1185 361
1772 202
826 368
113 1637
1302 1270
547 1571
1165 738
1967 1356
326 262
1267 1607
1408 1720
1727 1290
39 1141
677 493
851 1323
736 417
1358 1145
732 170
1404 24
589 420
1119 304
425 1489
1399 1921
1949 953
1356 958
1932 873
633 920
165 760
139 870
1139 135
624 1996
848 280
1189 1001
1159 454
796 1822
1544 1137
1407 525
207 1143
22 1196
1715 964
1765 406
565 1139
220 788
267 631
1643 319
349 1871
1604 47
1573 328
1315 1840
1327 1464
1564 1705
301 1578
916 1470
824 214
1543 16
1348 125
645 1419
955 1380
347 1831
176 1339
826 1240
525 1796
868 703
1758 271
854 1269
194 682
1674 1026
1506 54
205 1204
554 1564
1381 896
202 1220
42 1057
270 292
1703 81
181 336
678 844
812 1851
1838 1423
1117 1879
56 1398
842 1764
1018 263
998 592
1329 1648
1693 95
1393 725
1798 81
1444 442
758 941
364 1659
315 1423
42 306
689 1126
1285 495
475 752
1026 784
226 101
589 1847
353 572
1937 1397
1400 1689
703 656
1665 554
881 513
225 804
1734 33
243 1835
959 1203
1198 1545
811 1442
1922 1628
195 1760
1656 341
270 404
1407 307
556 36
564 1732
1269 1926
1894 150
906 628
721 1006
1546 115
552 254
714 1208
1647 1443
43 1390
1533 859
1838 1202
1926 455
495 1612
784 1876
1621 1988
1789 1256
1771 993
853 206
445 1845
1257 1544
1472 1309
253 1002
958 179
236 1762
38 1547
487 219
275 835
712 1435
195 496
1132 1978
945 1076
1332 627
1312 82
1852 166
1758 1068
1852 1432
1497 622
1308 1245
813 1345
346 1179
1148 858
6 1641
1068 1718
1710 1276
595 1665
1054 1560
293 843
997 873
346 1131
1805 1770
1832 1523
1164 1705
655 1531
889 1059
1184 1477
694 730
956 1929
1639 1542
1197 1443
971 1154
1714 9
428 1977
905 1253
462 1299
1432 1309
686 335
997 560
1585 301
198 766
1371 619
1767 1709
237 324
1274 84
313 1669
1130 1057
1217 419
248 138
1815 1675
1026 814
706 1986
658 1740
1007 1037
1220 1966
1983 804
1954 1321
270 325
1666 347
1810 1030
1494 1498
284 1450
106 336
1742 901
664 260
983 1538
26 1081
299 1778
10 483
1260 540
1696 663
821 1506
1058 1125
471 1681
466 1342
1498 1454
486 41
413 592
1852 1183
267 47
1987 797
500 1809
364 251
827 1737
1160 1052
1149 1947
1682 1064
262 1842
1631 1958
1228 1421
1221 1514
478 1630
927 1696
1044 925
774 786
51 87
1090 1057
1413 411
1716 1013
1862 612
295 1832
1132 989
1725 1153
413 1232
860 1680
148 1169
86 1837
64 1410
825 568
1449 952
1869 136
1964 1203
1257 1756
188 630
1399 1126
719 791
395 1886
230 1306
708 767
1127 449
1115 684
1231 1639
1117 1934
1748 1779
601 1422
1765 74
1471 355
955 970
1179 1990
1252 1619
192 807
933 1214
1045 741
1416 1328
1310 1265
1100 1065
1383 770
1998 639
1324 157
1269 1481
123 1707
1387 719
1861 1887
1573 1509
993 1655
1437 1200
1395 1477
1128 128
385 1482
1972 280
1464 812
1483 1590
1640 1199
1452 674
220 810
1460 319
483 1150
254 1044
112 784
1585 594
555 66
862 1134
905 1939
1341 1782
134 1244
675 1505
24 1677
1559 1370
1636 594
1032 99
874 1260
1163 1476
1234 861
1967 1093
1217 502
1040 1183
1530 20
523 1403
425 742
1793 1226
806 656
655 965
981 599
1606 1267
1330 259
1864 1521
896 479
1213 1297
1545 1664
335 1800
1103 1696
1716 1842
170 1751
1329 650
1855 1312
370 1288
541 1871
1557 152
955 287
884 881
1720 54
95 1010
1185 1680
1416 1421
421 1939
1064 792
300 527
1441 962
1186 1040
1620 892
1480 1841
754 1986
1090 597
857 191
226 1944
163 1255
1038 1995
363 1270
355 1230
512 428
1815 171
1835 400
1045 280
1263 1519
546 1182
1156 374
370 231
583 295
1505 1346
1133 766
976 1144
840 1569
334 1484
1743 783
973 93
1352 1604
973 813
1257 756
423 1011
1410 524
1145 772
11 620
775 216
1821 259
675 1254
191 1007
84 1863
1928 1150
885 217
1237 1855
445 1754
253 1304
908 1170
743 1134
1070 1773
1431 1855
1286 839
436 1961
1627 1522
318 857
1327 1330
1702 620
493 64
1187 657
695 1728
1537 613
392 690
1416 873
396 1255
1696 546
795 313
1342 923
361 364
334 1253
1993 620
1149 58
1415 367
1757 880
945 1726
873 1197
389 1262
604 947
952 403
579 63
697 831
332 1224
1249 1867
1949 1113
369 1939
1414 1400
1727 547
1757 1484
1528 838
387 505
506 644
393 1977
336 1808
959 820
966 512
294 56
1572 883
1441 1146
425 955
237 1908
1446 851
1943 216
1367 488
677 1212
1030 67
1903 1062
175 61
1185 1569
857 965
150 1304
290 863
1752 96
793 1276
212 1467
54 395
35 526
751 1142
506 1731
1489 1132
568 105
1054 1963
1002 101
208 481
1292 291
1914 1440
1412 881
1246 1801
1265 1240
1445 345
174 1599
1344 539
1526 832
1122 1241
246 877
1895 171
520 1971
236 362
892 1083
1355 865
1510 801
1101 1620
964 1265
1583 1238
1439 1328
28 1113
460 498
332 1507
849 703
1443 727
941 580
533 1712
1341 1613
78 1089
603 750
1397 676
1168 256
261 275
308 1373
812 1195
1643 1755
1340 537
844 1659
1524 281
295 1959
1778 1844
1823 1569
1271 1447
12 1190
293 854
195 917
16 504
1493 1549
838 634
900 1125
351 1199
514 1348
405 889
1804 695
1286 1907
911 1419
1006 1480
1695 360
769 1308
745 991
1881 1080
1417 1407
280 148
1227 704
770 500
879 1752
1756 1340
67 142
2 1857
1022 334
1049 1674
150 608
524 18
798 386
1957 495
1860 778
1692 1348
1186 713
1862 247
987 1706
997 333
667 1522
690 1869
1484 1658
233 1502
753 1395
1226 1632
1013 1670
1774 384
561 1019
1528 1798
1639 1022
1770 331
1623 1564
1003 1356
42 683
1970 31
403 1199
1409 187
665 1165
937 514
1871 678
298 708
1919 1464
1066 1973
425 92
1665 1287
431 1111
316 838
1028 1268
1039 1943
1774 1527
1741 316
518 1117
749 1712
89 1215
392 1153
1833 908
1067 1309
882 1129
624 1375
916 1153
1223 1036
218 806
680 1982
1801 1957
1452 483
899 1923
1828 914
1095 974
817 1201
1816 435
292 970
1210 992
1096 710
16 93
1722 362
1087 622
1403 552
1262 1816
1860 311
1701 222
1227 1055
67 95
1685 1985
857 938
1487 826
239 93
207 802
283 1412
1455 672
1401 632
1741 634
510 1333
1644 424
881 819
258 1293
1140 832
39 124
1498 183
583 1957
1516 460
1293 310
395 883
577 1075
481 1051
449 1194
1212 1196
1166 1273
371 1128
461 970
1318 286
817 1191
1212 1003
828 1413
194 1051
343 380
1309 38
1538 1134
1918 605
1096 1808
776 211
207 566
1610 134
1806 1867
1350 411
1970 1476
1216 622
1251 945
6 1946
495 1921
487 1141
665 785
184 345
1794 317
152 471
873 1745
307 1799
255 1548
961 392
503 1514
579 1230
1831 1736
901 649
142 1855
729 1542
1932 1745
1506 1295
1264 664
1410 1343
368 1477
598 1182
1763 474
814 371
1061 1575
1334 1403
1978 1899
992 1339
867 221
447 1238
1415 1964
1159 1186
671 718
392 966
27 629
64 651
764 1566
1750 252
902 1046
717 1987
182 1714
651 1361
1245 1324
1639 1631
1157 519
1625 1096
1491 476
1715 519
1603 1946
1180 506
1613 65
766 476
144 968
1649 1975
1077 1223
943 649
117 574
1701 1488
1742 897
532 1333
1379 125
1501 1669
1503 1324
1775 704
36 432
477 1386
849 1155
1763 194
1634 1511
1339 929
1608 1765
219 238
1506 1606
1938 1193
932 1980
1964 1767
3 1911
663 1392
1941 716
627 973
524 626
1949 457
1859 1618
1354 991
652 1378
1401 773
100 1500
1041 552
1343 1018
1238 1922
757 1183
783 1683
642 617
1456 1508
1454 1249
791 976
1465 657
819 903
539 1929
737 633
1676 680
1868 1373
1174 772
682 793
1057 199
1353 642
1508 1186
914 1114
1869 824
1541 1426
1253 195
1169 1769
1755 971
760 214
758 771
1931 758
608 1387
878 1149
858 173
926 1428
223 1350
1591 1356
1879 296
1955 522
994 158
1576 1863
686 1598
428 182
1496 453
254 523
1740 829
1686 982
797 351
921 1208
1088 1109
917 1752
980 221
466 591
1173 1736
1017 409
1758 1734
642 1616
807 725
1135 850
108 927
710 748
91 664
784 1086
1089 1643
1884 1757
1280 82
772 1349
426 435
1697 1348
816 1186
1600 621
43 857
1546 847
1185 1468
262 586
1114 1116
444 1205
1219 947
1666 1527
1473 66
278 234
1224 1181
1935 1361
584 1993
923 1636
48 1876
1053 1670
51 1534
704 1732
560 1071
1432 1167
1877 372
1842 1290
1236 537
922 126
556 974
465 730
1237 996
179 1822
938 1370
188 921
1695 1700
680 1839
1291 743
1804 176
567 712
1885 215
593 97
1931 377
111 478
1165 581
1513 1143
1048 1706
533 1269
1410 304
266 78
1738 797
188 362
1452 1127
1689 455
515 1345
528 1054
537 422
353 670
863 1233
1670 1843
190 1354
1911 712
1062 1639
209 1895
974 1887
412 639
1502 113
1290 1209
1274 1772
1597 18
1585 1342
1104 1536
1372 1451
716 1875
1266 1885
1408 395
1871 1248
118 805
1542 1575
1049 811
1254 1217
1568 949
261 495
187 1589
516 305
704 1270
1912 1832
1839 1146
998 411
672 1621
641 708
286 1341
1165 1491
107 895
953 668
1332 1866
1713 964
1823 673
374 1168
1088 1202
192 1716
407 1011
714 1020
216 356
218 961
738 1588
326 1792
1151 721
765 202
1911 56
1004 1184
1575 190
1315 447
1272 1077
1741 1686
947 1041
1437 1535
1634 1659
1124 212
1698 1213
1380 1009
770 67
162 460
1963 797
1494 766
1414 1841
571 1686
859 1661
516 623
1344 343
151 1609
705 1346
585 791
660 678
1833 866
1686 305
564 1119
851 1119
732 859
602 1972
1831 1326
254 1707
1148 19
1772 603
724 1751
313 692
1619 1973
1230 901
1156 1074
278 684
1666 546
1233 1291
530 357
833 1347
82 800
170 1036
743 983
1371 1266
284 1019
818 815
1189 1668
55 1331
1715 826
412 786
1857 115
391 1837
886 1878
1264 80
856 1092
97 1417
1655 1441
489 1768
755 1452
1683 1534
566 1633
530 159
1870 1663
868 1367
1978 1933
569 1404
1222 409
849 632
1032 1874
285 271
766 807
468 93
1812 1936
147 971
1247 1891
417 618
1506 1759
1922 1367
651 273
1983 565
1390 644
137 1626
1090 531
1646 1536
1358 101
1067 1663
764 1479
960 937
1022 195
98 1256
536 1236
1845 1436
919 1553
1097 1469
401 1083
485 1676
1841 388
1099 77
958 1003
1096 458
1083 1843
123 1424
1786 950
1279 832
1221 1668
1387 401
1376 307
521 568
1420 1161
292 988
1219 552
447 1070
1734 1178
1628 398
1096 1761
1003 521
1638 989
561 1089
1659 1877
1000 1985
452 609
95 770
494 902
1240 1747
1743 1426
778 1786
1148 1328
1421 118
1485 1531
1626 682
1013 1842
1669 1019
1967 1751
1309 315
783 1642
216 203
829 834
728 1617
867 1896
1576 1744
324 1846
1369 429
1855 722
1473 1796
123 1198
1807 425
1440 1950
659 501
801 289
1187 366
29 347
129 849
336 827
1264 668
541 458
670 92
1823 1442
644 145
1677 1877
661 1058
1747 1713
1576 170
1692 300
876 351
1697 953
689 1509
1558 923
1189 1303
1787 1089
265 1026
1163 645
1639 991
967 1748
1325 1582
1049 920
1392 469
1477 1679
505 1247
1502 178
1550 899
1019 1979
1387 239
1340 932
794 1528
940 217
415 1046
1651 1045
746 1379
1274 249
1203 479
1452 1194
654 298
36 1059
112 1937
1473 1480
536 1753
268 1932
434 83
1787 1945
1655 240
1868 1111
1037 358
295 1882
1195 723
670 572
850 1709
979 1499
1800 964
722 1712
27 421
855 1519
71 736
308 42
306 1844
835 185
552 641
1976 1392
1749 134
460 895
570 640
40 1191
432 151
1262 775
632 73
1527 623
1498 1622
673 740
198 1996
1421 1298
1646 117
1120 1943
1451 1292
1651 1671
1016 1617
1541 865
316 1929
605 1729
251 1124
1219 1704
1904 998
353 1636
1085 1893
937 1873
147 224
1239 1101
740 972
400 874
1813 253
105 1323
1340 68
760 235
1062 879
601 1719
863 1448
924 658
428 1368
1608 1761
430 377
420 1309
307 852
927 343
1076 1628
1887 48
841 221
1070 148
476 1221
1822 1992
1824 1522
113 1591
619 760
41 855
967 95
68 996
1003 652
1654 56
1497 1009
1021 1193
703 362
53 1519
921 1698
497 723
1403 947
1897 84
152 1914
1764 1982
1316 1935
1094 1289
872 782
956 305
1806 822
812 695
1903 879
729 880
522 814
1829 1317
1190 357
500 1556
202 1072
258 1704
248 1676
1917 1304
1436 1034
1944 1147
733 1297
285 1984
484 1641
934 472
104 1343
1525 1581
493 427
135 804
1080 1675
650 419
765 1924
1252 576
371 1106
1582 1523
1621 1128
75 1557
611 344
774 271
821 65
1781 1676
1111 1131
582 650
851 885
846 1327
489 998
1838 649
1453 1330
1485 1873
1809 525
1493 97
879 1061
1988 550
341 1564
1184 1615
482 340
1100 1643
459 77
50 138
529 1152
1797 1990
1144 1706
496 1699
345 1124
1088 1460
887 387
950 1921
918 1386
1941 176
1512 627
1706 585
999 1658
1230 197
466 425
940 1335
631 1669
1487 886
346 7
974 1056
1849 1526
1992 1302
1709 851
1376 525
1498 1684
92 160
1924 978
1284 229
40 469
739 417
1339 97
695 798
1100 735
1501 797
1312 1414
1075 1608
1691 122
1839 842
549 1235
758 14
1539 161
1674 88
690 250
1164 8
1494 1192
682 505
790 1240
1998 1995
155 107
1829 1248
995 243
1589 486
574 1317
1610 469
1610 1167
1998 436
1660 1332
1180 1630
1807 296
1751 1201
1092 927
639 102
1462 418
1651 906
1243 1541
1210 1563
235 57
798 526
854 1926
65 727
901 1019
1450 1326
1590 1899
1846 437
1716 291
1062 1587
1522 300
1518 1902
381 1999
274 248
840 459
109 1945
1425 1851
44 826
571 380
340 1641
594 389
819 848
1532 796
206 312
1376 768
911 580
503 1656
812 381
1916 1226
168 536
732 94
695 387
568 1597
1308 545
947 378
286 1354
635 1999
102 998
399 1903
799 908
1822 669
675 260
160 1869
558 1680
624 1698
213 1945
1337 1255
421 303
1316 626
42 1558
774 1350
1008 308
509 355
948 49
407 423
726 419
231 1562
1759 395
453 396
1738 1351
1983 678
1382 307
51 1495
235 199
1348 960
1869 1899
267 1857
891 606
118 1084
943 0
1789 145
40 1661
1616 1597
809 496
1605 753
1202 319
1121 1457
1979 413
249 1527
847 1568
1530 1882
1672 400
1509 1735
1438 251
55 295
1023 1872
163 1337
111 748
1502 1274
1064 898
1182 897
1190 797
1387 1849
656 76
1056 582
1997 766
698 1838
1263 1409
404 970
1613 1481
992 194
1820 326
1065 1734
470 1806
56 1845
1853 405
1984 1830
1549 1672
683 622
1489 1516
1154 1352
262 1784
1136 1902
261 1570
1796 1030
1880 1740
680 21
340 990
34 387
1090 392
198 1181
1588 1255
816 757
1629 1218
1340 484
1309 1643
1363 542
397 1880
1650 868
836 1560
84 934
1315 199
413 915
1483 308
919 930
602 1725
995 500
37 1915
451 1638
583 1851
955 1585
1353 1072
1854 404
948 1084
46 24
1234 360
1783 1124
1228 805
92 628
284 1645
1040 1088
1698 8
1584 1199
216 587
750 472
349 1511
1861 582
802 1228
1628 517
1494 715
1156 1168
239 1950
1437 1124
1367 743
1403 920
1697 668
1785 219
1415 1907
1702 1388
730 1972
241 1682
1441 1796
1926 1341
667 950
964 473
754 586
1393 1297
1642 1629
47 1351
1389 855
1106 88
1636 1590
801 115
661 1678
1081 1613
1256 1211
679 193
266 1159
1803 1544
808 1875
931 269
57 1070
1439 455
1421 1429
1524 1972
1677 345
217 605
1324 1104
298 860
1066 1693
798 583
1905 1910
316 1093
557 1451
1371 148
1387 442
438 1733
50 194
409 869
1228 1298
1201 1528
1370 583
1304 1849
211 106
422 1641
1672 1835
338 1628
1600 700
1353 817
309 787
376 1097
788 1200
1900 1497
1314 379
282 392
1687 648
110 515
464 497
1809 1690
1990 1907
247 958
161 1736
639 1584
366 594
1652 1187
546 1749
1438 1848
847 1552
182 648
1916 1324
291 1294
914 1664
1806 1950
1395 501
700 129
1016 983
1579 538
211 1511
201 1991
150 1332
1010 720
1259 1615
1344 134
1789 1845
1676 240
1799 1641
276 1944
730 1266
416 340
1961 390
544 1561
17 579
41 1115
711 1210
1738 1082
880 1756
464 723
1495 173
1937 1962
663 1472
939 935
1573 242
1834 1685
1002 1168
1088 1347
768 70
1325 1675
35 1891
1867 442
585 477
1681 1358
1370 171
638 1891
1358 865
1415 1261
1090 1371
692 1604
1635 1609
103 705
1290 1496
1515 479
386 689
1134 1705
98 1824
716 1382
273 179
828 1068
1840 1869
1361 669
297 1615
155 1930
469 166
1456 1910
273 850
78 1186
1190 1232
670 622
1272 838
1855 1079
922 1571
442 1512
501 79
726 650
346 1579
695 1957
1790 1658
247 796
1964 1282
1086 550
1090 1470
1831 63
537 852
1028 796
544 1792
930 598
1256 354
1958 27
1127 485
930 1742
1918 564
1901 1446
886 519
1830 1278
892 1140
687 842
247 615
1038 889
1032 522
729 1593
1394 978
1626 34
1520 1136
796 978
219 1665
790 5
1892 652
31 1295
1698 1368
19 1027
942 627
106 1692
1747 1991
1292 910
1512 1299
907 877
588 1862
1390 1425
1970 1043
805 87
971 1085
559 1813
2 441
657 1636
328 793
501 1078
98 317
25 35
1143 1936
1045 848
1662 855
1796 402
1752 496
1642 948
326 832
1750 1618
403 1510
1478 435
325 460
155 1014
1241 180
1625 106
1677 1562
892 1145
1294 1475
1590 1723
1851 1523
1276 1284
3 1794
918 1836
1864 1872
667 354
1805 1795
82 1314
343 646
587 306
1911 300
346 189
1834 969
566 1683
1766 133
1686 1309
1767 1097
1691 1992
554 1208
569 633
1371 1412
1874 889
1167 380
163 994
818 1995
1301 1977
413 1755
793 1206
1421 1607
1123 1179
292 1497
881 321
1926 369
1884 190
1896 583
13 313
322 1216
1981 1419
243 274
1396 664
680 1780
218 283
982 134
926 1962
753 434
867 354
975 1321
990 67
1118 424
1297 1015
1144 1140
813 1914
1095 1204
426 1778
1901 1415
687 1146
322 970
640 781
741 773
1611 706
1078 426
641 767
1042 277
1940 658
1140 14
837 922
1190 1501
959 1960
1791 1954
1736 589
825 32
1889 1896
1332 93
783 173
1613 1318
1088 1643
1305 383
775 461
826 985
217 363
1801 497
1982 1402
1958 333
371 1049
1594 174
397 1740
520 1907
1963 412
861 688
250 494
1738 1987
301 1187
1907 1261
1637 958
1990 360
665 725
564 553
932 1406
385 619
1320 679
375 780
1579 1918
1643 1042
1918 1357
662 809
976 1083
723 798
517 393
19 1968
1813 377
1997 1668
259 1150
529 511
1038 151
583 1826
699 528
732 1696
753 739
763 1427
1379 1176
255 1911
237 1124
1721 898
592 828
1636 203
1346 577
1559 1531
13 1604
627 1345
423 1439
825 709
1419 1084
1395 297
1615 1477
1779 186
1909 101
436 1937
1231 722
131 286
1251 1687
1903 1257
635 449
1239 1147
1865 702
1612 1360
432 1995
880 1006
1362 785
326 1364
309 887
1963 1411
1385 1893
423 1936
1802 181
230 1620
849 503
1167 623
1880 1529
18 1203
1231 1544
760 148
134 598
800 537
1575 1587
1815 1921
1256 1536
972 1697
975 1687
1116 1811
1961 759
1317 1180
385 1899
1121 1277
599 28
851 246
1789 1180
351 1947
597 465
1058 1037
878 1947
676 647
1358 1653
1888 521
1095 77
699 584
1145 832
852 1803
1996 1451
1060 1941
1527 1929
1755 1838
479 1446
1549 243
274 1928
1246 841
345 1848
1878 288
514 661
1558 1014
1562 925
1668 754
1962 371
551 1817
1800 368
416 525
790 1123
21 720
561 1188
1934 507
1887 1490
1721 1894
1304 1720
722 408
1358 1366
1697 28
745 1414
100 1648
1775 651
1257 1
1081 1601
1583 1141
103 1158
59 157
338 625
772 987
722 1739
118 560
1214 1825
164 949
1472 1183
1426 1222
540 1066
1313 369
1136 1288
1796 1556
1846 336
255 1630
1122 677
1671 1725
12 1447
52 1623
1722 984
407 408
777 129
410 71
169 1957
1534 14
1889 1363
1718 357
1130 562
1348 372
880 1544
1854 425
605 1025
1464 1835
332 665
364 1871
544 110
1197 228
207 645
1553 1751
781 1029
1871 1808
409 1759
1799 842
1465 1899
1592 664
1712 1197
189 1004
548 434
1755 1979
625 428
1665 596
1889 1882
1000 1113
1816 1615
1862 1268
504 898
70 1066
24 1075
775 79
1937 1998
1874 1962
848 657
324 349
510 1644
1149 692
946 1965
1041 582
116 1264
515 291
1529 1942
314 1412
1881 3
562 1489
763 1797
767 1568
1000 324
444 268
671 661
1718 1012
256 977
1566 1729
538 1004
1699 1354
1781 481
1188 1910
1085 1190
136 39
460 1933
586 508
1864 1500
1842 1001
349 1124
1340 1257
1147 1950
966 1046
1329 577
1008 1854
600 1459
769 1927
1086 432
1337 1364
891 840
1191 1703
45 1921
1933 92
996 1406
376 227
1557 1668
1010 1982
361 74
1661 1703
725 1015
1130 325
229 1360
2 1979
311 483
16 90
1445 91
426 1551
1967 856
6 761
429 1709
849 714
1627 1927
527 478
453 792
1021 28
685 1111
1020 945
1384 1925
298 676
1194 929
310 1500
1923 798
1906 148
5 553
46 1176
1378 877
898 401
359 1573
191 445
1730 189
494 1687
130 295
1893 1296
364 1697
782 7
117 678
1490 759
1723 1554
1889 1050
66 1587
1772 1353
1080 1548
959 1335
19 49
2 1838
1115 195
1864 969
1960 1566
350 61
1903 1406
1579 1971
413 147
452 354
1860 229
670 848
616 1855
1530 196
1118 258
1485 1692
1628 1880
1041 1704
1726 338
1575 421
535 794
728 632
473 1250
1072 1862
1426 1474
312 926
543 977
67 1236
1307 1892
1003 1935
367 1250
735 1904
1827 1038
1857 1905
1448 1297
890 1970
923 1483
771 1572
1192 453
987 477
733 621
222 852
67 402
119 1540
1789 1634
1750 1658
957 759
1435 857
482 168
1180 1207
911 1267
837 772
1514 1291
1126 1550
638 1464
1845 458
1864 1422
1491 1249
1329 457
1160 1046
312 1876
1839 1690
1134 393
34 1919
1119 1709
926 1384
1316 1964
288 1110
1680 811
1936 444
505 25
1397 1459
942 1784
570 805
204 1185
472 615
751 750
625 1762
465 160
491 309
1381 958
752 1349
1172 1798
922 1622
212 459
1661 956
1102 404
32 934
1408 1349
177 1445
645 430
1790 1237
1511 937
1049 1041
1068 1746
1650 76
556 676
1843 1784
1549 1973
1676 1556
1817 715
344 1582
1005 243
361 673
834 447
1129 1333
1158 569
464 45
962 1809
431 325
9 730
1719 1861
655 567
1586 199
1634 1761
1464 491
542 1503
380 713
592 1904
723 1325
1265 1123
1652 71
394 1321
943 1910
686 1715
1263 1555
1241 1025
144 1049
1178 1708
397 658
1567 1904
767 1116
1545 167
1750 1753
264 1486
1009 461
1043 1981
1931 54
975 1514
1204 814
634 927
1795 1576
141 901
1208 1052
960 116
163 453
1204 1099
1646 666
61 1286
198 1525
1694 1564
1652 299
209 171
14 559
106 1536
674 449
1805 1268
351 1466
437 1938
1315 281
1381 304
1562 1217
1691 1744
1820 453
421 1855
1660 544
1657 758
923 1014
1375 362
1981 486
325 1277
410 1111
729 1253
1967 1591
969 1648
369 1269
171 1425
338 39
1661 1749
1756 68
111 909
1730 688
1120 826
1563 400
1202 1649
1661 1035
576 328
1047 1834
593 1771
1444 326
1918 908
476 1890
1903 729
1286 1184
535 1663
1944 719
370 1445
271 1486
554 1581
394 1611
1129 1171
1079 1269
640 701
742 1277
1863 1268
1555 1011
765 347
806 1922
555 339
1202 1320
1849 1048
841 209
337 1802
269 244
514 960
888 425
82 402
350 1427
1441 1340
1822 724
467 914
410 739
801 121
1720 1541
359 1509
866 429
893 1256
170 32
1481 53
1322 910
1292 241
1185 1442
1841 1757
1019 213
1346 459
1843 608
1887 853
922 1475
768 593
352 1966
474 944
1161 874
1140 951
1100 1085
367 1797
1585 1087
1484 1639
839 83
786 1026
1499 925
810 1608
754 192
1582 60
416 1655
690 1885
83 473
1142 1172
1436 406
1404 1346
462 822
1819 1336
1193 893
1826 1815
1231 1662
1734 1640
949 1336
117 1846
646 1159
1820 1083
1204 1811
51 911
773 1977
20 329
911 941
936 1494
433 124
239 783
975 8
1988 1105
856 1093
1935 1112
260 1329
672 1128
882 1520
1405 1545
192 476
1887 1828
825 479
114 1230
1306 1192
128 931
1404 220
1718 1423
1505 419
1029 1205
1363 60
1113 117
1504 1775
1708 592
222 6
1998 432
384 1553
12 1065
569 167
754 1303
1628 1687
859 1220
1399 464
1758 1385
724 934
1366 51
1668 1525
1673 1451
234 917
1903 210
985 1281
1827 814
80 116
898 791
1774 928
1002 1017
1585 622
1035 765
1516 451
1305 1729
188 1525
1030 1383
159 1232
1092 89
1249 511
765 615
107 301
68 1033
1041 1828
1628 625
569 1442
322 1014
137 808
127 1076
1455 647
1123 1605
1326 1215
1038 647
1349 1426
1114 30
238 1016
1468 1333
1598 1259
1708 1565
291 152
1134 1665
111 1531
135 712
1913 576
1750 340
1034 744
304 1964
1109 930
1003 1300
962 500
1047 740
1973 1127
1455 878
47 1413
1787 267
1708 115
1787 1423
1383 1066
99 1811
1343 588
1862 373
1388 12
1091 454
1333 467
1426 575
1397 467
1818 831
1211 965
779 1495
1344 1742
1814 1318
436 1962
792 462
691 1434
1645 380
1401 8
728 174
104 605
1804 1383
132 1669
663 1432
770 1242
57 1412
1679 216
727 339
1437 1396
560 802
1807 1187
868 517
1114 604
1182 141
715 1297
655 1794
594 736
1274 751
1275 61
279 1234
126 942
1710 1612
1121 1111
629 1596
1219 1925
466 775
952 357
428 1529
469 1202
1541 1642
97 576
1131 1123
1611 1588
64 1888
1383 525
1739 72
1419 1429
1435 255
885 1378
756 1061
1755 1669
1733 1073
1125 1829
1462 1744
194 1383
330 1639
1126 545
872 1265
1242 1146
894 1676
454 109
884 1825
1500 254
119 1914
1693 1780
1449 1768
186 1062
240 842
1901 246
641 424
39 625
72 1926
803 266
780 1054
1739 1965
639 375
1448 1602
875 144
770 1030
254 1499
10 1860
547 1165
1643 114
44 839
1981 941
685 594
1036 765
1919 387
657 92
615 1196
1141 902
196 609
442 158
1640 1091
1705 829
224 1947
651 418
1320 1945
1314 1799
88 1925
363 273
215 597
1915 670
1635 112
767 371
1748 340
1727 792
1875 1941
1232 1065
292 366
266 121
1073 374
171 1548
819 572
1566 1515
1797 1953
9 924
1163 1506
767 436
997 1776
1233 621
1134 236
1166 1265
10 1999
1445 1520
1754 506
381 1325
1509 344
1226 196
461 431
485 1780
1615 175
1317 1485
839 1275
2 1258
512 806
1079 1662
728 1599
989 1371
1423 78
982 319
1 168
140 690
1854 685
1744 1637
1646 710
1006 330
75 1571
432 1552
1388 672
99 853
1698 1623
69 1338
1090 690
1658 831
361 1783
303 854
284 1309
1617 1319
84 1212
680 1391
1301 1698
362 1208
1282 368
264 1830
598 901
1126 382
462 1856
1728 359
1592 1634
810 1871
400 540
1895 1531
192 1996
1300 414
1239 832
1134 1762
1914 1849
1044 1492
516 178
1324 644
572 450
591 404
1449 1351
663 89
32 568
360 189
1077 81
911 1168
371 693
879 1022
529 1525
727 96
156 1398
683 308
1280 1748
1238 52
1088 343
773 1046
817 170
1856 557
1469 1378
1943 120
1103 765
227 1343
544 1806
1868 1121
163 1491
1470 9
1954 785
851 499
1111 591
1478 434
132 1447
948 51
1107 1647
781 486
1171 532
566 1932
1123 410
1504 105
1913 139
1394 1234
1967 69
1113 1829
559 1463
706 1052
310 1569
1633 333
521 524
421 293
1316 651
1975 1838
1727 365
886 1850
438 1759
812 1898
717 876
1929 197
1929 919
407 444
1932 72
1584 405
1668 511
1012 132
63 1089
1732 1122
666 300
118 941
757 413
161 516
836 1546
209 909
1749 1344
134 284
512 338
499 866
87 911
562 1930
1022 1575
1693 1382
1069 72
1 340
1546 1359
353 404
16 1408
271 1604
1378 1953
1798 1093
1750 222
1282 1487
1059 102
1195 381
109 735
1288 237
359 576
1054 1413
668 1858
1117 1014
203 933
418 1343
1561 504
845 925
23 1046
952 1388
954 1973
876 620
1152 743
838 29
1173 1077
1846 937
364 1592
1159 1456
1913 252
408 1011
1151 756
327 183
1549 1066
1435 1927
215 1714
1525 715
1884 721
875 151
765 1220
1967 316
633 1902
1674 1568
1016 52
1035 316
535 331
26 855
1058 637
1073 14
1665 1514
1199 573
1333 254
841 755
683 594
700 1375
977 1776
1870 1798
492 1330
1191 919
237 260
1617 1890
126 1192
453 936
1182 1186
1327 1399
700 665
153 1087
693 949
870 1701
1529 392
1491 332
1954 1602
1069 905
420 1742
699 1746
569 370
1113 1634
1435 98
782 955
1333 1041
542 909
1788 22
756 991
718 882
602 283
588 122
1987 1961
1942 1251
69 1772
392 517
227 564
1055 1112
1451 1224
511 733
1283 1995
145 1536
741 1726
84 170
296 742
1282 1261
231 457
1563 1005
548 175
930 928
1143 1712
1682 1147
922 813
799 1964
1746 115
1048 719
86 1627
1518 1985
991 149
302 929
1618 1641
1022 286
1392 646
1442 1500
501 7
411 1352
1376 993
239 1144
1901 146
1802 569
1608 1365
1873 981
356 886
401 976
267 971
1587 555
972 718
1064 1454
880 1473
1252 835
1658 340
317 156
864 159
0 159
308 203
1108 1784
681 221
1691 1863
1477 1551
1086 1961
1051 483
365 1444
24 220
698 1042
1010 1441
1721 913
587 1816
52 596
1928 242
155 1045
1072 1897
18 588
228 293
1466 847
899 950
1872 1293
703 1623
35 1728
1109 420
1061 1280
410 685
1048 119
95 1913
1251 1470
1996 174
462 1512
1914 442
1390 1530
12 78
1961 151
735 193
947 1828
1762 238
1556 1690
735 1089
117 1193
993 474
1250 1991
715 1224
355 109
1364 1667
1238 200
1168 1426
813 1083
1244 1798
397 613
1176 1908
1686 134
993 525
753 872
317 1989
1398 1837
368 1120
145 156
351 1449
1727 1108
708 818
1793 1895
1373 1216
562 1585
908 861
1779 6
1844 71
426 685
1372 1507
224 271
1965 533
255 1398
18 1323
1955 939
1542 1601
1991 1282
671 1659
1165 1297
915 717
484 721
713 930
540 1928
1391 1626
1168 918
258 100
1821 1276
1071 997
1105 784
1619 993
1917 976
170 1870
38 213
587 417
499 1275
753 79
1250 1918
783 409
963 539
1325 1832
887 1710
1538 1564
1044 1499
369 560
280 1671
1345 442
1842 1494
447 597
538 1120
938 1246
1158 1707
1948 961
1647 1631
1607 444
1991 1816
978 1142
322 1373
820 104
501 461
1062 1544
50 257
1053 1299
665 1538
1349 1543
11 759
1564 1599
867 1959
1782 455
1412 282
1201 1223
1307 202
1453 1194
871 1670
1707 1458
551 586
1189 1192
1029 1812
446 1021
675 1520
583 867
1091 1186
1128 1455
1823 123
547 715
1896 545
1172 1338
280 657
1510 797
1968 1909
179 1268
595 136
1974 1260
1065 1565
890 701
497 60
577 345
903 162
1996 766
180 227
1355 51
226 1843
1330 1399
716 257
37 92
1745 821
49 1541
1453 1710
1 536
1975 285
382 1821
1598 1240
1834 1985
896 493
669 1616
1819 1333
1498 1451
876 878
450 431
161 347
152 910
835 229
801 1979
1546 1455
1492 552
976 1720
1664 1171
304 427
1371 1723
1393 238
1983 1139
894 747
109 1910
1374 1316
959 1135
1419 948
209 196
1400 616
959 1469
1114 1049
196 1548
1469 688
136 338
1583 902
1752 334
96 996
750 1744
424 601
578 515
409 1228
140 9
945 1880
1806 241
35 1919
1857 735
694 136
342 681
1337 365
1012 1232
1612 1399
1396 1808
117 1634
604 88
1747 367
1676 1236
1152 706
413 1068
1118 1521
1841 880
1634 1873
999 210
931 1351
780 1724
194 1974
201 279
1926 207
250 214
1031 1452
1564 1375
1280 1859
965 1911
772 14
1313 917
1848 1535
1097 764
803 943
1374 1275
1640 12
429 1250
161 1183
384 233
1954 983
1398 317
1286 1991
896 1897
544 93
680 537
1351 128
1180 1104
445 1436
792 871
116 1592
157 1911
378 1955
1145 1813
1297 1001
932 149
6 1790
945 1762
959 985
712 1007
828 132
1065 1413
1043 645
483 1206
80 1677
1465 325
852 747
1238 136
329 295
1844 322
1012 121
1462 1862
137 1391
1998 1702
948 1366
142 537
1679 1652
971 1669
18 1394
337 361
1375 1514
787 1452
1310 1286
1977 1238
767 957
1715 463
797 592
558 633
1614 1661
570 911
734 443
588 521
1762 863
1107 1760
303 1841
694 563
82 186
1823 601
1855 1006
1115 408
1222 1243
1825 1933
216 1900
569 1858
772 1304
659 1102
1652 1273
294 1630
862 983
1644 1521
283 433
631 698
50 993
444 486
82 1658
254 1644
1245 1959
77 1403
1612 1728
739 1900
1664 600
440 632
1955 1937
332 174
256 997
539 1040
700 394
517 494
1941 274
1444 443
987 1813
14 118
1409 1476
89 1191
1096 912
1761 116
1033 1407
1893 646
731 1453
1030 687
99 957
851 217
1171 815
823 64
197 284
1197 333
1238 1482
1185 577
1642 1683
1685 1520
400 1619
422 402
969 1468
1484 340
928 927
884 1014
1877 541
1561 1332
1069 1389
1862 1574
1998 206
1916 1559
1599 1698
533 802
100 650
1013 192
1516 670
1930 325
1427 1281
1536 804
1058 1938
598 343
505 490
201 886
1685 1437
217 908
271 672
578 871
14 438
1670 586
1857 1190
1593 1750
1056 1118
117 211
262 327
1040 1326
95 1376
1683 869
1147 119
960 46
97 768
1607 560
278 1269
300 211
985 1357
1855 1603
1422 1872
448 341
327 110
1897 1028
1064 1299
166 1736
1697 671
734 1221
41 1029
1247 359
129 1538
1001 706
1775 1709
385 314
1974 674
1577 1928
552 1204
413 1893
1652 288
1190 1278
1273 988
1952 1301
1183 930
1827 1461
1030 680
1434 732
334 1662
251 718
18 1175
734 1001
965 1654
1085 1065
775 1879
1267 1776
1824 1308
784 1955
592 1979
1190 289
1058 1829
422 1406
21 416
1378 1241
1106 926
1163 207
12 699
597 1725
514 762
984 743
1904 915
1238 694
1139 844
649 1089
34 540
560 701
1486 998
672 957
729 1756
1039 1418
369 228
864 1199
1516 1586
275 526
1685 1802
443 1727
1062 917
1858 1949
1567 1624
1266 314
467 582
612 1175
1326 901
785 1372
1625 599
415 393
1127 1928
789 1421
429 1901
746 637
1737 1829
790 826
1539 539
852 1779
422 6
990 1312
892 1387
944 1453
529 863
1525 1208
1490 1086
165 1972
1757 388
337 251
870 1799
1268 1072
761 1231
1580 840
281 989
420 380
269 265
1729 1055
590 783
1236 1151
970 450
1037 827
1623 1687
702 120
669 750
585 239
1428 957
1649 561
1710 1509
1942 487
406 541
1553 1502
1202 1567
349 1200
409 438
284 1976
978 1302
1522 1425
648 1076
1025 907
221 609
1846 668
1766 202
1163 1745
1168 1421
1367 200
1247 1860
1299 1294
666 1737
316 765
671 1379
512 924
1497 431
965 1435
925 1047
1431 1079
1019 803
1197 977
1843 1306
240 1619
1879 1087
430 843
1847 439
1097 1323
1309 89
233 1967
1154 0
59 225
1673 1444
1222 1743
1598 1166
1840 1725
606 726
966 1785
1931 918
1604 797
1808 251
1712 333
387 1860
927 1040
728 1213
602 694
1435 458
1301 632
801 12
1933 1057
56 1248
599 1063
1326 1309
1171 258
1838 1258
1127 25
1035 1539
817 1533
1292 1053
236 1301
1366 253
593 1780
1496 1667
349 1433
1836 789
1718 943
1567 1979
1601 999
366 685
1720 1743
1482 1537
1889 20
152 1571
1103 89
1154 357
1776 781
1744 817
462 442
446 1193
1156 1386
1146 1314
1573 1860
1468 1834
1614 1244
1233 394
1920 1507
485 1982
372 406
193 1450
1397 1049
1142 1591
61 1123
764 1797
124 563
209 1675
1933 895
1647 53
1074 118
801 47
1874 814
585 590
1973 682
1070 512
1620 1140
385 1130
943 15
955 1483
47 1734
571 546
279 1310
1685 337
1207 1125
584 1987
1918 180
1519 1071
1507 462
1918 499
662 1639
367 246
1247 1612
269 784
397 1537
1649 1472
1813 226
1604 1711
492 1031
1458 1136
61 861
666 1659
502 1468
955 739
1717 1559
1705 596
569 1985
918 374
344 1728
213 315
644 1559
1948 1160
1723 881
248 1626
1443 423
452 157
1619 1763
911 1163
845 1520
1816 1679
1158 675
1033 536
127 619
438 1074
1026 1490
1022 932
1381 1055
189 1259
1141 741
1836 566
1072 642
43 653
63 713
694 760
730 1650
1782 1647
1771 1382
1881 130
1204 1219
1781 416
1770 133
546 691
675 1985
465 1153
1633 1932
358 1207
300 1837
1994 295
740 705
752 1408
1098 587
522 432
1751 94
264 115
1120 1598
1079 369
1111 1078
622 431
318 1881
1252 1066
1665 488
1528 1852
363 626
850 146
655 135
259 381
123 641
1607 256
1008 1636
136 834
521 1446
649 698
624 1221
1645 1067
1438 953
1594 1954
1940 39
101 865
1872 1333
252 1753
1879 622
646 1202
752 1222
129 188
1949 181
703 1785
1369 1907
903 301
1087 531
664 1520
441 1296
279 367
478 446
702 270
541 1731
40 1649
1754 59
230 1784
836 264
666 391
1263 26
1082 878
497 1245
729 999
1821 143
1561 973
403 797
1610 1309
1499 1198
1289 451
1152 728
1670 973
288 299
1341 1519
1109 213
800 880
1994 755
695 1276
774 1177
1866 813
921 975
1756 1750
412 878
908 463
15 1385
1910 1230
210 1618
1437 1365
411 1621
1358 1572
1388 1501
1266 1869
1080 1370
936 1673
781 645
677 796
255 1717
926 1998
1162 626
313 1065
226 1721
819 549
1816 736
1135 799
1012 1565
1008 955
1301 1581
670 1187
1944 1681
883 1683
1618 484
1339 1619
504 90
708 467
1671 602
1938 1677
671 364
566 1267
1449 1486
1321 188
1584 949
346 988
965 1559
1587 1884
235 597
615 1353
514 1113
297 5
1404 1217
1674 641
1554 160
1682 453
1997 394
382 755
947 860
1971 1918
1394 427
1198 1648
1522 527
735 114
1243 1408
220 237
967 607
335 1605
570 1534
624 1448
1256 300
1394 796
1420 45
321 1483
354 1363
150 898
811 1664
1475 1894
1000 577
1375 1600
1455 206
1210 1005
491 359
271 1082
258 979
1350 58
1242 1946
1859 1748
1143 1419
536 1859
442 1820
446 1256
576 1974
1736 439
1025 1918
37 1723
496 1431
405 1987
1908 1396
1121 431
47 272
1426 377
676 1876
1115 854
190 210
513 280
1665 1628
1700 885
1485 567
447 494
1168 1683
1495 1733
732 22
1286 279
508 1108
35 1402
472 1924
1428 269
1891 45
1348 1436
1283 1490
215 160
1536 744
723 1916
816 1976
1838 266
1614 134
800 831
163 766
1455 244
397 1251
965 1717
489 1352
1726 76
1287 1773
321 107
434 1110
1144 16
584 915
1372 1557
1964 1162
1346 1000
288 1816
614 1600
1622 1108
1465 989
1990 7
1743 54
893 965
191 1211
537 1010
1249 754
981 106
479 1901
1961 1635
1569 600
1886 918
1931 1657
1179 120
66 399
90 1306
219 8
1466 1604
971 1068
56 567
1568 647
522 1937
1543 409
1073 477
869 377
636 974
729 1639
36 780
1082 436
1422 1397
990 747
754 1319
53 1267
225 1256
1000 1437
653 1398
1738 847
1367 1016
30 1719
1610 1643
1692 336
1225 248
1202 1945
686 519
1418 1953
348 934
706 174
1327 526
315 1645
902 1948
1348 1248
1011 1107
1890 596
964 288
159 121
548 79
1999 1161
201 473
1373 591
1309 1645
458 1754
900 514
114 1910
1773 39
1516 1524
763 104
1147 150
485 1974
1659 116
1426 1495
1018 1381
1497 739
1791 863
787 1835
1526 1620
431 1585
722 1400
1096 1021
309 950
560 789
1286 434
1629 1358
1638 1380
1497 1380
1404 845
1359 1998
862 966
1115 1519
420 1077
425 203
1684 1673
662 761
1135 105
828 530
1198 650
1833 1357
1088 713
1094 619
1165 1362
754 1053
106 804
430 1932
1728 1821
723 1399
1854 1497
239 477
1114 151
1760 991
304 1767
1650 415
783 1156
581 1842
1602 529
1029 543
1402 302
658 829
1912 1896
480 1471
305 856
1347 1547
1067 1392
1171 636
1525 1001
1909 1168
722 1313
390 206
1324 1627
1502 934
972 337
1895 1104
1530 171
1252 682
357 1758
527 965
861 866
1476 997
349 1365
1203 1122
356 1179
630 1291
763 1956
1128 786
719 1629
1446 896
1787 114
820 605
1403 254
1045 1586
365 75
1189 581
757 1202
538 1477
1559 542
1155 440
631 1377
1753 1781
1555 172
266 132
709 669
10 1994
102 272
442 150
1089 1893
676 654
203 1652
1174 1144
1703 384
1093 331
608 578
444 1143
950 1957
109 1202
1879 933
776 317
56 804
121 313
1433 125
231 1158
1712 1936
1059 522
1467 840
1179 988
1881 1801
56 1211
1641 168
39 1948
1609 968
1876 144
738 557
1512 1165
1532 1504
1057 1638
1101 918
1936 781
178 856
1064 119
946 1205
1766 1077
1320 213
726 1333
1105 1490
272 58
1851 1912
1665 1890
1947 1963
1966 956
58 1082
230 1145
1389 1439
163 394
881 1769
575 1642
1551 702
1162 764
284 40
941 377
203 1342
842 967
49 918
194 387
99 1490
312 510
440 1052
1892 1338
1730 368
4 1641
1152 807
1625 565
1699 722
1094 1933
248 716
1238 1266
480 0
1876 552
1407 257
1555 977
467 1521
903 321
59 446
1684 1224
804 1829
728 863
697 330
646 1508
980 295
1400 629
443 291
19 1745
1744 1795
637 117
140 707
36 1688
1027 1657
310 840
185 682
382 583
1996 1133
291 1108
612 669
318 1370
1344 1736
701 408
995 208
907 246
1547 319
1065 1567
437 972
170 1967
927 161
1171 1056
290 1977
56 3
1792 1440
82 999
423 781
487 714
767 1811
577 830
1281 1240
1624 109
670 451
648 966
1470 1529
1691 1356
67 416
924 1740
1681 1909
1082 672
168 1488
326 1914
1454 1950
1234 363
327 453
858 1836
0 797
1214 353
346 886
558 258
1489 1342
1305 1695
192 766
841 1786
1866 1792
384 1430
428 1401
390 1384
1226 769
393 362
1936 640
1673 942
590 1145
35 259
896 1316
217 1964
1401 290
824 433
1038 1988
544 910
138 993
181 1404
1424 1023
1985 370
355 646
866 1250
570 1419
511 904
840 1985
680 720
775 1457
1832 1080
32 1924
1270 1212
1925 1116
1976 1042
1659 1829
772 93
1761 637
526 1276
64 414
38 1838
1690 1859
323 962
1834 1129
311 1126
486 26
879 809
954 593
1669 1905
792 152
228 1739
21 852
1034 637
271 717
1626 1420
328 242
205 920
1601 1855
1050 1921
394 198
1512 1716
266 1755
195 629
1838 943
750 1223
1945 1423
1569 558
739 685
107 819
350 1261
1828 532
444 1295
91 762
150 791
690 1773
298 510
966 1287
738 1192
1659 981
1727 1292
1851 1675
1575 999
1475 608
1082 244
1036 1574
1735 1801
1006 399
967 687
263 1888
1055 1935
1716 904
1143 408
1659 1034
626 1018
1279 1387
1568 620
849 868
586 1299
732 113
1629 173
751 178
1498 1561
1422 1095
1246 259
1868 299
1794 191
707 1020
42 1117
469 380
789 1084
1849 837
760 281
721 643
1501 1178
1685 606
1551 120
516 1696
1992 1196
946 486
1172 1024
358 1063
1631 1601
1078 1310
1864 1095
1681 468
628 1899
113 1744
1477 1310
212 718
568 1122
1819 654
1058 1007
1354 852
1836 570
588 418
1858 167
605 799
1831 623
279 1907
854 1081
114 679
712 300
1532 1795
1286 1833
363 764
1233 1514
1004 886
94 1539
1213 1668
965 1731
1334 558
1985 1492
644 857
834 1482
1842 1364
1767 1410
940 1935
1405 1442
1723 1825
1527 1539
855 905
987 119
486 369
1719 467
582 1644
346 175
1828 604
805 1027
280 906
694 924
80 1969
189 1598
809 1406
36 1424
301 1008
1374 1250
735 15
11 767
337 925
1976 197
1388 1082
1629 986
1865 685
538 1157
794 1173
878 489
1732 652
959 1162
1534 752
629 496
1160 393
20 318
125 1264
1984 357
83 548
667 1675
45 490
1766 1533
1648 650
809 745
613 707
1454 1192
1804 635
1887 312
1301 1375
1596 1699
1700 1305
906 730
1854 1778
171 1531
474 787
1001 1233
1053 332
1110 685
465 433
749 1613
1988 1876
172 234
284 1975
1592 1908
953 1193
402 770
1336 432
1100 12
535 1751
746 1871
1540 51
208 1690
697 484
1182 1042
1439 781
601 1442
1769 1214
782 389
1147 253
6 662
729 1544
1100 1979
1752 1814
470 1387
1241 1427
1351 620
308 513
1329 606
38 930
586 1997
47 1857
1743 585
849 1160
981 1877
1337 1013
748 446
1921 1285
643 399
1220 1798
1534 1836
1795 233
797 1768
539 1472
658 393
1708 223
1275 1918
1416 843
1771 1781
204 1823
716 1672
133 179
983 398
1228 781
696 1394
259 344
827 28
1984 223
368 1259
1428 1114
96 333
1509 1311
449 1573
835 846
1463 858
349 668
1350 1708
1995 298
1814 1081
1473 1748
1722 625
74 664
621 777
1210 485
628 1554
204 1864
1689 1613
1536 981
1088 546
845 212
261 344
48 1177
1074 1506
1920 1668
1033 222
45 143
1254 1445
291 396
234 629
235 824
850 1504
769 1324
1639 222
214 127
1943 988
461 306
784 1621
1834 502
179 418
587 1679
1861 1138
805 752
1567 649
564 1960
917 1022
1050 1523
1032 1283
640 1607
1972 1057
1719 1424
445 1837
227 1203
803 289
1057 498
1182 1976
1695 1240
731 1051
959 427
1671 148
1437 212
1877 666
79 434
1675 169
546 1610
1784 1806
1278 876
1261 605
211 446
392 512
636 1704
295 1523
39 1238
1206 1330
1851 1710
1319 807
856 1637
225 541
118 1419
1512 910
1239 1540
1477 1900
1903 1237
1170 1418
174 807
707 1583
937 1877
1333 1828
639 1461
1021 893
429 704
606 1458
1133 394
1933 42
320 1696
306 1497
1365 1902
73 1594
1369 463
1506 1409
803 13
112 432
1542 555
1296 267
1146 1033
359 1672
564 651
1780 70
1340 894
190 330
1243 1073
1758 631
229 944
1721 544
937 678
1046 1367
1468 123
1544 1542
1616 1770
1073 395
268 854
1537 1470
58 573
983 1581
403 313
955 431
565 1034
1300 1410
1240 1427
1227 18
1647 72
1285 667
1031 1311
814 1128
1234 227
1414 1756
1242 1618
147 735
265 647
1506 789
648 1537
1423 141
850 1343
688 1357
1434 919
966 1952
1019 1547
63 561
633 502
1635 1336
1676 1383
1408 276
1042 897
898 327
1683 430
1953 363
1607 533
1482 707
287 670
1935 1135
1916 1195
313 223
281 92
1248 1433
537 210
256 1836
1908 810
850 1410
1425 1080
148 1972
445 1737
163 1997
1845 135
883 1883
475 1002
1346 1293
382 275
182 494
1890 725
870 1
1631 729
616 1575
170 94
1832 1675
1107 195
1351 244
601 606
837 16
1195 492
1426 1073
824 1238
1650 602
1413 1669
1377 441
907 1361
1837 965
1398 1536
1890 1375
1053 1224
321 425
1149 1199
415 1922
1536 1435
135 599
1782 1958
1511 1248
1484 1312
1214 366
1063 1058
1003 877
1365 1396
