100 550 5 16
2 4 3 4 2 0 2 4 4 2 3 3 0 0 2 0 4 0 2 2 3 4 0 0 4 4 3 3 2 2 1 2 4 1 3 0 3 4 2 2 4 3 2 2 1 2 0 1 4 0 0 4 3 0 4 0 3 3 1 1 0 4 3 4 1 0 1 1 2 1 3 3 2 3 4 4 0 0 4 1 1 4 1 0 3 0 3 4 0 1 2 1 2 1 1 3 2 3 1 2
44 58
85 78
76 0
80 96
25 92
30 96
6 74
33 17
28 52
33 34
78 92
20 91
74 44
23 70
45 66
79 48
85 1
59 97
33 7
35 28
92 42
34 27
8 25
75 10
16 41
77 76
3 74
11 70
15 50
16 6
55 29
93 54
80 18
19 35
93 87
95 45
92 85
18 49
3 91
64 9
94 82
96 2
31 80
34 5
79 14
90 13
95 84
64 50
88 94
44 78
68 56
99 6
44 6
16 33
98 75
0 21
98 9
37 99
99 58
29 70
54 32
85 16
79 19
89 79
79 4
98 20
53 29
13 34
17 85
27 30
14 83
99 44
41 58
20 10
62 51
39 10
45 49
0 13
63 41
35 71
20 9
43 50
9 70
34 17
75 53
88 58
78 40
20 71
21 2
50 71
51 91
70 15
54 48
20 15
50 38
38 15
23 38
8 46
45 61
42 27
24 46
12 40
57 29
34 0
99 92
35 32
68 24
11 9
37 16
17 92
0 90
59 24
40 6
29 75
46 13
35 52
45 14
97 89
64 20
26 74
1 65
71 64
14 35
9 75
82 26
41 94
30 8
68 80
99 85
76 56
93 89
66 56
95 68
8 86
1 92
73 3
69 31
78 7
3 60
18 97
56 95
69 96
49 47
28 38
34 42
83 28
99 12
23 10
9 55
73 94
93 52
43 23
62 63
97 36
19 57
57 48
8 13
52 14
18 45
40 99
59 80
36 32
24 76
14 48
15 19
82 67
77 59
11 73
6 88
21 46
41 99
79 57
0 80
44 40
98 23
61 95
10 43
47 96
68 97
54 84
77 95
25 7
3 41
63 37
16 58
17 44
66 49
5 90
71 57
88 60
79 38
87 49
70 20
13 42
84 48
55 10
32 4
24 96
66 84
50 28
90 24
46 30
2 92
62 40
54 14
97 80
87 84
81 75
23 19
88 67
52 89
51 60
74 41
69 24
45 68
66 93
97 95
42 78
63 81
32 84
95 49
69 42
90 31
67 94
81 74
66 47
67 51
58 81
54 79
68 89
96 31
0 27
52 57
73 67
55 64
16 67
36 56
47 46
3 75
82 60
49 22
53 9
22 32
6 17
33 78
27 8
16 44
30 85
86 13
87 45
48 28
5 0
42 21
90 77
72 82
4 97
59 31
27 90
35 48
46 0
35 23
2 5
83 54
45 22
81 91
14 32
56 18
30 92
84 45
8 2
6 58
77 47
85 44
37 58
99 88
62 65
44 25
39 29
75 55
34 30
66 68
76 59
73 81
77 13
97 49
2 34
24 13
48 52
6 41
65 85
86 46
40 16
57 15
62 26
26 39
65 92
72 62
2 78
51 3
3 11
46 27
34 78
23 83
0 18
94 3
22 68
26 63
20 19
13 21
33 40
11 72
61 97
22 93
86 69
25 85
42 86
71 23
83 89
66 95
77 49
53 51
40 85
65 44
33 1
60 63
87 54
1 6
64 52
17 8
88 51
39 72
59 66
12 16
93 68
10 72
67 91
24 66
34 7
2 90
98 64
77 56
19 14
87 36
70 64
89 32
58 62
7 6
93 32
57 64
94 51
98 10
5 96
5 21
0 24
62 81
79 23
13 96
28 43
22 84
86 25
3 81
73 51
29 20
63 51
64 10
92 7
2 42
83 79
4 89
48 32
18 47
61 4
39 73
60 91
72 53
74 62
92 8
75 72
76 46
30 42
47 21
11 55
16 63
53 10
4 28
31 49
96 34
60 62
6 65
21 31
71 14
29 50
30 86
1 34
92 6
59 21
73 20
88 16
18 77
36 52
62 82
61 36
12 33
17 27
94 91
12 17
33 30
86 34
37 67
27 86
76 69
81 88
37 1
40 60
52 83
21 95
53 39
24 47
3 53
73 53
95 24
38 52
38 89
22 54
37 88
7 17
8 1
99 78
80 87
18 61
37 60
12 58
73 98
47 69
22 80
93 84
93 83
85 7
93 61
99 25
73 91
41 88
2 47
4 14
66 80
60 58
51 37
77 0
86 99
11 53
55 19
3 9
74 88
64 38
12 1
58 1
21 76
91 75
14 84
57 20
36 84
41 65
81 41
63 74
97 87
43 38
65 78
60 16
24 31
0 2
26 73
48 38
34 25
27 5
91 10
65 17
97 76
33 5
7 2
81 94
56 61
3 67
54 4
44 37
12 67
79 43
49 76
85 58
48 83
58 65
43 64
42 24
40 65
49 36
72 55
76 18
4 52
39 3
26 58
31 47
25 1
30 0
22 61
27 33
96 90
96 59
21 90
16 74
33 44
81 11
44 41
81 51
24 80
58 67
52 19
72 81
95 31
87 18
33 65
43 98
29 71
1 17
98 3
46 69
82 73
60 81
80 77
35 20
44 1
26 81
81 53
23 28
98 72
5 69
23 64
15 29
50 57
31 77
45 32
24 77
12 85
26 51
0 96
76 80
82 3
66 21
93 4
72 3
60 67
26 67
