500 2000 5 151
4 0 2 1 2 3 2 4 0 0 1 4 4 2 0 2 3 4 4 2 4 3 0 1 2 0 0 4 4 0 2 2 0 2 0 0 4 1 0 0 2 1 0 0 2 0 0 1 1 0 1 3 4 2 2 4 2 3 4 3 1 2 3 0 0 4 3 0 1 3 2 4 2 4 2 3 1 4 3 3 0 2 0 3 2 0 1 3 1 1 3 2 0 4 2 0 0 3 1 2 0 2 4 1 3 0 0 0 3 4 3 4 2 4 0 3 0 1 0 0 1 1 0 4 4 2 0 0 2 0 3 2 0 4 3 1 3 3 0 3 0 1 3 2 2 4 2 1 2 4 3 4 3 3 2 2 4 3 0 0 4 0 3 2 0 0 1 0 4 4 3 0 2 1 1 1 4 0 2 1 3 1 2 2 2 1 0 4 4 1 1 4 2 1 0 0 0 0 0 4 0 4 3 0 3 2 0 3 4 3 3 3 3 2 0 3 0 1 1 0 2 1 1 4 3 1 0 0 3 1 2 0 3 2 1 2 4 4 1 4 4 2 0 3 1 3 1 3 0 4 4 4 3 4 0 3 0 2 2 3 4 3 0 3 0 2 0 3 4 1 3 0 2 1 3 3 2 4 1 4 3 1 2 1 0 2 3 4 2 0 3 1 1 0 3 3 1 0 2 0 3 2 4 3 2 0 1 2 2 3 2 0 3 3 3 4 1 3 4 3 0 2 2 0 1 0 0 0 1 4 2 3 1 3 2 4 4 0 2 2 3 4 4 3 1 4 1 0 0 1 3 4 2 1 1 3 0 4 0 0 1 1 0 0 1 2 4 3 1 1 2 3 1 0 0 1 0 2 1 4 0 1 4 3 3 1 1 0 3 0 4 1 2 3 0 2 4 2 4 0 2 0 4 0 2 1 4 2 0 1 2 2 1 1 3 0 0 3 0 2 1 0 4 2 4 3 0 1 2 4 0 3 4 1 0 4 1 3 1 3 0 2 2 3 0 0 2 2 1 2 2 3 0 1 1 1 3 1 1 1 0 3 4 0 2 1 4 0 3 3 4 1 0 0 1 1 0 3 1 4 2 1 2 0 3 4 3 3 0 4 0 3 1 3 2 1 4 3 1 2
368 345
359 446
310 439
497 80
180 286
59 143
391 210
437 357
495 271
125 431
412 305
327 378
159 454
111 451
144 163
452 28
57 325
482 294
316 279
350 428
408 98
116 70
101 88
80 344
9 337
147 352
171 122
281 398
190 350
432 168
68 283
22 272
242 460
142 206
6 332
57 368
376 185
320 408
416 379
409 389
350 284
11 282
349 448
344 57
472 211
332 492
483 149
292 434
147 121
151 150
341 334
483 498
191 142
442 196
168 330
330 337
162 368
275 418
78 176
44 31
20 421
238 208
214 315
455 431
399 400
373 24
71 110
47 386
99 159
297 392
354 81
156 308
13 5
312 308
447 129
172 300
35 338
428 139
188 470
71 87
314 337
281 31
361 471
494 318
98 493
413 397
476 239
268 18
31 277
340 246
437 382
466 145
93 332
329 287
342 62
376 369
441 415
281 312
278 416
27 74
69 270
216 143
190 176
107 88
363 150
395 5
169 158
284 20
265 242
366 59
111 404
472 68
249 255
82 393
355 395
210 9
55 157
247 39
228 210
101 162
440 303
55 382
306 165
18 407
120 275
22 141
308 221
184 264
145 108
358 211
190 359
410 279
39 461
493 33
318 486
19 373
367 307
397 160
277 423
429 298
347 12
300 453
104 232
496 120
33 29
17 400
97 248
411 110
192 468
492 270
243 82
433 170
26 386
409 464
185 424
374 199
66 291
444 395
281 55
214 457
26 261
335 3
440 41
233 379
322 362
72 212
6 93
89 172
34 296
65 341
414 151
124 222
253 456
55 459
314 226
227 300
198 194
104 395
417 189
339 195
498 146
325 72
108 307
195 265
195 48
13 152
487 91
241 100
259 123
37 487
197 413
219 164
12 426
450 389
270 332
92 354
266 280
401 83
278 386
155 424
456 226
241 49
445 148
421 154
7 190
182 128
334 447
448 244
221 442
92 471
66 39
202 12
170 168
182 461
88 218
103 498
271 53
85 304
162 6
75 87
217 140
406 127
404 331
138 305
465 93
285 487
287 358
324 47
369 141
445 452
231 252
484 481
208 352
222 279
355 184
321 12
80 224
123 349
35 28
248 45
281 226
458 226
134 247
434 53
225 59
407 443
482 401
269 280
293 151
151 0
186 96
437 137
414 289
335 445
441 234
259 412
95 371
323 227
159 80
390 172
485 418
439 401
280 194
71 429
303 96
306 238
76 66
463 394
273 393
271 122
192 259
85 497
197 436
406 339
35 266
269 473
127 334
440 372
472 56
314 317
400 94
224 409
190 245
318 156
152 432
128 291
21 1
381 325
4 26
281 50
307 261
179 472
274 129
257 242
278 101
473 338
119 418
252 443
53 285
17 81
472 43
355 460
58 486
269 445
495 292
273 358
482 262
130 411
127 142
374 363
90 215
110 66
122 429
122 388
49 153
351 146
336 224
46 453
209 448
15 464
475 19
358 185
441 245
238 199
382 149
448 301
32 498
298 292
151 147
365 227
164 260
179 211
417 328
484 98
171 110
488 365
235 279
240 433
206 38
209 142
17 94
47 101
265 123
194 331
421 350
10 245
207 161
433 137
192 206
149 84
420 385
357 382
40 157
291 353
84 214
161 47
267 227
14 421
435 358
245 174
475 445
145 15
174 220
423 479
481 98
256 121
456 210
335 163
495 356
365 81
215 430
188 449
245 266
179 272
266 225
479 410
91 472
392 198
72 310
46 58
228 430
264 175
128 429
394 191
160 197
2 67
227 125
76 113
6 425
469 71
280 19
139 41
356 353
192 362
331 403
299 10
464 276
124 315
439 335
162 205
196 55
304 368
163 452
220 441
133 6
16 230
84 124
64 494
273 476
15 100
59 280
444 496
213 157
359 372
1 168
167 152
66 370
270 394
116 473
29 205
398 214
192 195
102 145
403 60
370 39
494 354
48 252
214 483
314 253
97 276
77 288
266 289
368 325
134 87
393 399
367 29
24 194
133 127
321 290
469 130
140 69
325 320
169 65
55 183
178 72
397 355
416 48
385 440
213 453
186 490
199 115
226 55
277 390
179 56
58 50
246 44
155 471
482 408
39 371
68 287
24 164
161 263
104 242
420 411
129 69
173 106
424 172
207 332
243 302
75 66
172 230
196 459
170 9
118 157
430 184
250 248
170 152
172 277
448 413
447 386
21 485
449 249
259 268
63 288
215 170
474 143
400 273
295 5
192 416
350 198
292 420
201 470
473 60
394 360
159 342
432 160
445 19
348 330
368 261
239 487
243 287
351 2
235 5
399 239
18 47
479 40
275 114
187 230
143 245
50 44
206 305
239 358
432 242
96 414
119 301
113 134
439 28
408 100
244 364
147 392
436 104
237 409
186 297
39 136
424 329
42 310
232 209
37 247
80 408
24 35
94 267
347 374
34 184
66 177
437 315
197 209
221 89
281 311
53 371
328 51
88 33
131 182
447 466
93 65
242 254
28 475
388 110
421 363
268 322
225 404
115 372
62 427
271 461
286 64
331 415
127 138
232 242
79 496
63 490
38 192
43 313
316 483
387 489
220 216
430 391
324 133
323 155
246 16
77 385
484 450
136 272
139 10
46 146
403 449
468 334
499 87
438 51
463 278
36 135
291 130
115 288
61 271
416 274
187 323
332 161
132 396
372 151
192 463
467 329
58 479
249 470
306 147
17 455
212 427
195 379
82 283
91 399
333 493
178 450
207 466
71 356
256 414
1 391
220 280
340 455
209 378
250 478
65 192
383 392
41 321
430 79
289 284
24 174
378 232
11 376
20 59
154 290
449 3
80 402
187 300
352 440
368 248
41 12
468 465
437 226
411 385
109 204
333 248
86 395
149 226
125 267
311 398
30 19
470 438
304 29
72 241
185 400
284 190
375 398
159 262
351 311
81 239
383 297
376 166
165 115
245 216
440 128
165 150
5 228
3 74
459 46
181 347
435 376
67 240
310 212
477 439
395 13
200 459
16 44
454 310
32 486
442 471
96 321
279 215
305 360
296 457
133 278
208 271
177 258
340 44
196 223
292 480
454 381
298 128
390 479
227 399
67 351
124 457
212 8
264 215
348 152
49 342
369 319
200 483
121 177
163 373
281 32
425 307
67 433
58 126
292 293
475 439
315 357
27 249
489 291
141 319
85 402
316 103
494 467
463 364
255 405
422 36
305 36
406 407
478 310
488 25
129 127
49 482
436 444
91 396
450 26
43 434
369 136
78 7
397 104
412 448
310 380
319 179
134 243
347 0
164 245
405 401
31 486
490 12
81 400
125 141
453 423
455 155
247 141
85 193
234 225
373 234
105 422
241 427
218 425
353 0
50 311
36 265
77 63
408 250
281 180
0 359
387 499
166 56
301 86
291 87
383 374
183 149
38 114
491 419
10 78
46 200
450 497
278 468
481 97
45 250
140 205
62 402
44 118
33 325
105 36
52 405
33 465
76 95
139 392
233 120
391 264
83 3
240 456
58 103
114 444
490 77
89 486
493 218
412 233
486 200
166 132
441 24
41 347
153 62
225 331
390 286
377 88
140 18
192 142
268 69
324 102
276 99
156 125
105 462
5 330
200 246
454 417
357 103
205 129
137 2
83 328
185 487
176 363
54 470
345 207
221 94
23 251
298 0
90 203
491 35
156 92
247 370
128 353
449 27
405 310
201 3
122 66
217 158
182 434
124 279
89 40
466 344
341 205
275 305
321 139
416 443
39 76
434 130
163 54
207 107
353 115
2 214
457 375
351 457
255 52
167 5
60 164
336 248
343 52
47 362
115 388
338 266
127 362
251 122
239 141
92 340
281 149
357 456
216 174
457 382
105 485
492 324
124 337
496 1
472 358
374 176
337 457
206 468
125 361
450 261
394 443
27 241
82 369
89 187
412 444
438 255
313 23
259 231
102 161
259 339
381 51
192 278
422 109
443 263
300 442
387 353
341 140
141 287
395 295
456 124
498 213
347 186
113 132
291 63
322 443
252 191
167 391
391 253
220 426
185 472
106 310
470 74
288 352
36 244
352 238
363 309
438 229
375 279
385 306
257 232
285 239
267 11
432 391
277 312
135 339
69 492
38 209
408 478
301 355
485 314
29 133
36 233
96 490
476 17
290 451
111 225
476 424
276 237
282 156
211 22
168 485
327 123
95 499
276 80
182 271
131 313
469 384
258 352
193 224
401 249
488 282
312 483
19 220
144 189
290 12
194 404
467 365
446 363
447 6
473 452
107 57
296 210
118 459
264 104
361 267
441 194
50 126
406 274
38 443
70 42
433 456
205 263
158 218
298 480
133 129
356 489
386 65
493 88
24 163
407 206
437 279
12 392
295 314
398 382
383 363
239 185
116 54
405 336
163 338
240 137
28 164
483 2
484 15
244 460
190 290
320 484
406 268
147 383
333 276
175 242
8 42
190 363
188 30
290 428
240 410
235 316
112 154
263 406
454 62
250 343
116 8
279 253
398 410
300 318
174 20
61 87
466 261
36 413
92 73
217 379
480 469
74 35
285 37
106 249
162 88
98 333
261 464
181 41
345 26
8 482
478 454
292 385
25 365
498 46
36 119
260 112
8 144
62 248
57 450
29 341
495 371
74 294
79 119
296 228
197 448
139 63
162 207
294 449
115 77
374 288
2 124
242 109
95 313
90 430
142 252
94 287
12 216
338 477
333 425
215 235
143 234
52 201
464 497
220 225
393 319
342 325
73 166
311 214
72 159
343 106
303 288
35 331
351 375
46 223
442 312
321 415
63 372
444 418
209 327
289 260
455 354
265 109
352 181
458 296
23 434
225 473
389 15
214 103
46 84
203 184
345 107
367 447
178 328
339 360
23 95
274 169
480 177
76 179
34 317
337 348
370 91
154 284
331 441
438 294
470 35
132 329
23 53
183 382
94 376
392 428
289 96
23 371
375 433
394 192
283 56
164 366
282 64
425 145
329 11
428 198
407 129
357 498
171 87
168 254
48 209
312 55
131 76
290 474
432 448
366 35
325 261
112 426
150 383
18 305
314 124
297 147
367 304
475 194
79 355
419 245
69 322
210 279
487 370
120 204
346 105
183 311
382 253
369 247
184 391
494 11
308 390
208 469
197 378
176 474
67 498
304 386
177 291
174 59
244 231
232 432
171 292
200 300
128 150
14 309
159 464
279 382
345 57
76 53
463 268
177 388
462 86
27 229
100 381
329 179
241 201
401 452
113 396
472 141
155 185
279 348
197 257
304 325
331 260
259 305
496 346
247 313
343 229
71 121
480 356
246 390
143 419
401 449
121 387
249 294
166 68
325 389
58 223
157 483
316 295
271 66
264 109
364 360
304 4
206 270
167 317
281 498
402 237
29 169
436 86
410 213
164 148
299 12
317 315
319 371
417 482
219 289
86 430
332 334
14 198
460 412
301 170
276 248
7 347
462 391
468 270
415 225
394 468
135 233
375 228
429 440
243 313
370 76
442 361
219 404
489 75
233 339
193 100
148 188
299 309
222 67
172 323
268 236
308 246
492 127
103 483
44 230
422 184
393 369
497 100
367 47
254 436
257 418
377 47
402 261
77 186
191 268
187 267
26 325
492 360
262 454
175 105
333 368
165 490
88 169
83 294
290 219
438 403
19 266
405 212
227 424
339 192
321 451
487 22
324 307
246 361
440 359
380 482
397 436
287 319
413 242
236 233
73 91
211 92
49 470
354 390
48 413
494 323
234 331
32 214
18 65
136 75
23 356
348 240
208 292
363 385
293 411
35 477
314 67
458 146
316 375
378 259
406 492
173 153
342 153
159 497
237 450
270 386
54 475
68 141
384 256
328 381
230 323
351 357
198 289
110 461
389 80
28 116
406 386
83 144
173 403
179 369
73 141
106 201
238 363
131 469
5 317
300 282
450 320
493 324
152 5
466 93
134 287
32 50
99 178
188 403
355 418
42 159
90 210
93 205
446 290
129 158
140 377
136 43
302 272
203 301
313 75
449 338
393 141
243 461
257 209
242 355
343 173
182 66
144 70
497 241
123 364
170 391
5 314
85 45
155 476
96 139
33 57
230 277
185 22
452 143
420 165
435 400
157 84
168 413
211 476
192 120
194 234
30 477
337 391
89 312
60 260
76 487
233 378
429 353
265 496
129 406
441 445
204 209
418 264
274 18
65 191
342 45
113 136
36 160
260 366
352 490
270 18
121 238
334 93
438 310
149 240
316 311
130 39
20 143
312 58
8 173
258 238
217 278
260 143
247 73
50 187
67 279
59 234
362 406
229 262
305 463
377 217
183 146
457 437
101 492
358 91
169 101
9 215
393 43
25 125
99 344
296 240
184 1
204 231
72 153
173 478
55 58
329 472
453 479
461 122
282 318
22 435
418 204
42 72
54 188
150 303
493 207
297 428
133 377
0 383
440 199
62 45
323 390
140 6
365 358
40 44
96 199
207 98
191 360
464 336
421 290
218 133
285 56
215 295
408 497
381 80
219 202
426 20
395 168
264 79
105 13
443 123
188 24
333 29
1 160
294 8
126 172
251 87
487 23
43 113
326 488
426 111
290 117
285 369
120 265
256 446
78 446
48 231
473 188
159 482
67 316
25 239
219 474
208 61
337 210
92 308
202 19
34 295
264 485
58 410
231 236
236 265
252 236
171 434
257 448
75 461
92 25
196 32
123 119
485 337
153 262
321 309
223 118
76 71
491 174
115 256
7 245
91 22
305 69
94 329
480 291
239 287
196 281
21 391
461 499
224 380
158 324
358 329
166 113
15 466
146 437
209 265
29 107
486 277
266 441
132 95
341 162
292 151
10 446
155 326
15 465
409 481
57 80
307 162
58 137
394 138
457 423
439 30
48 364
226 295
329 211
165 147
163 439
136 87
498 410
224 417
92 431
54 28
17 185
415 35
119 413
15 261
183 124
156 89
162 217
85 248
61 461
263 407
499 396
119 349
260 111
438 401
406 191
7 176
383 293
332 386
70 106
383 490
340 221
53 43
143 331
139 78
320 425
298 130
435 424
327 109
294 380
42 106
451 309
42 438
317 124
135 364
495 134
183 279
204 254
304 332
229 477
129 161
74 28
289 299
207 6
246 64
169 161
311 423
179 239
79 90
444 167
181 0
195 120
61 480
202 415
459 498
38 412
390 442
44 213
46 187
67 348
103 50
122 130
461 353
472 393
165 121
6 47
365 91
190 321
111 216
121 0
243 37
323 118
213 46
238 165
98 261
34 9
454 427
150 177
491 19
216 331
385 208
114 120
258 359
6 129
359 115
238 385
417 405
231 114
217 133
27 439
404 154
273 166
375 391
46 157
334 274
166 243
458 149
148 473
479 89
227 155
149 433
9 203
135 242
417 380
194 415
370 302
289 451
418 231
217 65
72 248
134 369
274 447
395 167
32 40
147 359
318 230
214 149
336 380
60 143
232 485
230 156
186 420
443 192
351 103
367 133
106 51
104 444
493 162
117 176
55 50
499 271
213 55
84 226
134 285
160 413
354 180
215 485
329 91
19 35
369 132
94 92
276 389
343 42
230 326
327 265
258 292
225 194
133 307
483 213
53 171
82 396
202 404
220 260
150 352
430 316
93 394
198 174
190 383
138 263
151 440
474 245
470 3
303 350
445 403
258 385
139 147
84 315
498 398
259 120
323 64
389 342
122 487
318 442
121 298
63 388
462 167
431 94
121 293
31 423
441 474
431 442
328 100
190 392
410 357
449 201
414 117
52 8
295 457
236 209
428 374
145 161
250 229
477 249
479 32
139 446
263 69
106 30
316 137
433 296
441 20
161 304
215 13
38 360
281 423
39 71
274 191
381 45
448 360
61 177
319 272
450 276
256 110
355 436
470 42
105 109
251 302
349 416
55 453
443 265
228 317
11 435
411 440
76 285
208 387
78 112
428 219
322 231
334 406
70 470
137 235
169 218
132 136
104 460
60 216
29 145
237 159
333 481
462 296
455 180
64 157
323 92
88 386
252 416
349 105
350 290
284 59
219 392
97 107
120 48
310 62
396 273
161 307
494 308
267 467
306 480
177 75
141 476
424 221
113 66
334 465
183 32
373 266
478 482
366 148
86 485
377 158
18 322
69 379
90 395
256 258
228 337
364 209
451 20
238 384
389 381
1 228
259 263
433 21
306 291
127 386
188 401
440 298
385 151
87 370
464 80
20 154
357 55
106 189
42 49
10 421
132 185
299 111
318 326
446 219
409 193
476 376
256 0
458 34
404 220
75 113
301 160
142 416
122 131
224 464
474 12
436 204
426 174
481 108
445 491
321 288
102 465
111 7
98 344
239 472
359 139
497 417
456 34
20 475
313 292
80 72
233 305
163 269
245 392
100 336
435 318
55 498
457 398
406 305
422 301
285 399
449 470
459 486
278 447
454 336
154 331
452 470
84 458
209 275
156 431
42 405
221 16
110 384
10 219
256 181
116 24
491 164
306 411
479 149
495 313
144 310
235 86
498 183
235 170
106 3
110 128
418 244
241 294
99 497
211 393
85 159
160 104
130 131
280 338
27 452
281 40
338 452
320 389
98 368
346 119
381 108
121 469
235 67
377 465
57 29
21 152
392 359
204 264
313 110
107 389
296 314
234 174
242 119
214 453
361 187
397 105
260 404
250 51
196 126
421 428
229 310
370 136
291 384
440 121
304 484
128 388
298 385
387 128
61 384
348 433
11 300
53 396
225 419
198 421
471 64
203 170
119 232
312 282
72 262
152 346
447 406
108 345
233 232
389 464
13 175
424 494
107 145
319 37
217 18
57 178
408 328
258 128
187 390
493 447
472 94
124 348
280 366
209 244
2 423
475 143
97 26
333 344
211 467
134 370
183 357
199 63
141 272
253 433
384 388
68 487
180 118
432 79
156 11
44 196
165 110
189 255
60 331
233 448
353 66
225 474
101 93
446 117
290 289
336 478
32 437
12 288
71 293
369 499
202 112
381 224
418 265
135 460
368 145
300 486
250 342
395 1
191 209
321 289
207 26
363 181
315 433
147 490
295 235
137 226
37 113
303 451
138 65
149 315
