60
-68424 182252 684915 -31307 -958321 206396 494067 -837850 -282401 -180515 139551 -925197 513807 -238580 11076 -165786 217896 -446173 -675561 -307389 389485 -983012 -363427 -910593 -893245 -94483 176272 8997 -542478 411583 915195 -356173 926656 -248200 700930 -512132 849287 -401243 993399 -454168 56617 -62696 -230405 292680 710730 -198111 -313553 -479576 50229 187 -634098 348928 284842 -826708 -92175 -350562 549930 -663910 866516 -146421
459090 -435487 -634572 896777 797877 -214793 -370141 362191 -438437 -663770 -286580 723035 247869 616555 -86565 -213948 557079 -877364 -435320 -18702 523785 -16287 -430488 884682 -443642 450800 -118580 -640434 430891 903888 -200978 -296395 904671 157748 -698006 565554 -367705 -912901 -52353 -495336 -637571 109579 -202862 -788042 -817994 739656 -236595 310359 -422382 376930 -855524 756570 -947856 46815 125172 -63214 938243 -436017 791803 -846303
622298 -240920 726097 -994318 -651550 -248326 420383 689699 505527 948883 243161 195088 448596 -383265 797307 11560 -151654 963834 -456843 -371598 386568 328394 127133 -893567 594862 -434857 -320099 -730496 -618632 247607 263274 -922574 119613 -754702 692677 723877 657448 -123241 -348912 -836309 839895 -272950 -568344 860121 -613388 -775849 465830 817709 -301433 -229923 -545501 44497 -594057 -619221 -715300 832091 482396 -160272 -519034 -940142
-964810 535913 914724 214733 139469 -18977 496113 -533033 -485536 879146 -81321 313968 -407241 -45879 542091 881648 639939 197573 318399 -245252 277174 -800179 955209 -719651 -678447 -438421 260018 -391918 -363339 193802 -518575 -549532 5346 646181 415155 559872 -680112 862091 868786 638437 -312255 111696 24881 -375084 436252 252478 883361 -508540 471887 -414992 -147202 203628 627978 256232 856277 -62196 284115 -594217 -650149 -791730
-733060 -247746 527271 635501 826393 -470313 711554 736535 -529213 964202 -769576 -897793 -705334 -8331 303208 -959591 427382 756066 696916 181344 707213 967408 793796 852776 498090 -602187 -710255 -617430 937848 -741272 -978162 166464 -494188 -521371 325094 -903349 -757981 -107737 919262 -149202 -413097 -457943 -950806 508200 -244682 -245705 911771 116372 -199136 -897814 -232934 28580 -929436 -664078 564552 327530 621923 615691 -9333 -20909
-154787 -523363 -183814 546843 14034 265402 -67987 213549 421320 831275 -913057 261902 -238357 -625033 -585863 -475526 -608456 -149217 599343 -62252 107289 42004 -21949 -191943 945568 656813 -613790 588864 928499 -317769 903436 732298 -772236 -844712 -205942 802203 962899 -826904 -942526 -311870 -626232 -282592 -556979 -139366 861340 -659665 595332 -941212 -495527 -908894 -430030 -291175 483679 595942 113023 -192230 734166 734608 -547862 -63215
784769 -552268 923267 872986 67270 -777883 -923682 154723 -514271 -196580 -824321 121451 -469373 910892 -223006 -41586 681034 832660 18685 871072 530783 -328461 613893 -61288 875731 -789625 -487605 -917705 -290334 178034 811800 -881980 -830402 -213590 479078 -328570 7037 767483 340353 642982 -702227 451501 -500101 692653 312028 148948 666254 154206 -87786 76914 229993 736833 -676469 -988044 581734 -548109 -721511 -467444 519373 -911994
676458 85260 -657340 519267 -153024 571191 781189 238658 622868 -156059 -408393 -888479 -311668 -111122 -785016 -232830 -328305 845052 -229946 954244 425828 424190 -782254 -740172 -675897 -489437 881632 -516908 399671 -775498 950237 -278051 -484346 -972688 -11883 757832 632915 177096 -105126 993570 779806 -432525 288009 -431077 -20516 -665830 -127172 898087 469854 -69441 -715336 -396134 -4838 -482689 886812 929443 775249 891337 722590 921083
58665 403104 47953 549153 -491154 -718479 563305 -702689 362836 -955573 -676799 227702 -726022 123366 70126 261364 941021 -975684 828882 855094 438049 436257 -648184 -360141 629041 -403291 36131 433449 42741 -312589 -91832 -158321 -879962 -322893 718256 -572648 712261 -688358 785449 641925 6985 -880143 -614988 -952099 660062 545448 -979292 308271 576120 934672 -648710 -746084 247472 -181260 777542 -466168 392453 883228 -354261 598847
-7092 -4572 -563471 429339 -580478 962254 -885220 811963 -549556 -768889 -888308 768013 -920730 950817 -266603 522747 687699 -369480 -117960 540433 584903 824276 -798926 -36393 -816117 -700002 -74769 -333567 -627203 -82677 269373 -137975 -940366 604698 -215768 417296 634920 -281557 524381 -733492 415166 -360040 553432 80779 -481467 476454 488194 -611809 299639 765938 462821 -508013 -737945 257627 -24675 -739007 593842 33025 -359701 -5245
665766 952110 -521074 -655489 -604730 -567200 626547 -358431 129103 430008 87461 -724692 91261 -229788 856323 51617 593158 -939839 -304968 440246 -873882 -535974 268298 790321 -998781 346830 4439 -885362 898726 -388551 327533 674479 991811 596202 -938725 673755 -595356 449029 -693662 342435 901568 -912598 963960 118169 -616493 782326 -869172 -566483 181954 -637855 405710 -647330 -511360 -214903 845317 428565 941726 719735 128858 -375539
-465053 -239483 522202 364619 976625 901879 -72917 -18891 -894696 237537 -173300 -968988 401203 -394921 -32513 353053 -99274 -309430 136249 261266 258513 -489301 -744825 -201367 -221759 -113447 -889972 135228 719756 162685 -932509 -897545 -661523 819030 -457270 -116397 -88557 975737 872450 -931446 -865625 -394327 730511 512618 624666 -259512 642885 966016 -511142 574594 -288696 58715 -789530 498728 962034 -575637 784582 904826 -473763 -168568
175890 -314359 -760585 -114392 111166 -708185 -943981 -22871 284507 -651206 196849 731972 -492244 949659 -258212 -30910 746375 808277 -577223 -927961 -594154 -740881 -675270 545287 116832 353748 172513 -14350 380618 998436 108214 -148664 564903 785184 -489811 -549286 -733987 -963779 -697952 -572972 573472 -412766 -149131 18871 -233018 875521 449207 -41718 585509 391105 -427405 -568130 -40471 -450811 557792 -183665 838384 -434542 -236260 -511908
-800643 672708 568001 -333495 -908504 -962859 -284981 156727 -545116 768933 992419 392649 -636330 -370628 -687256 -783847 -524273 523616 173208 -259491 -357253 408812 810933 -861352 278199 101387 -434922 -322161 170266 796879 471569 155641 841480 200413 98338 237633 -573065 683173 -182295 208709 -51648 110143 -858503 -950957 510003 -663822 -803638 -434131 -528437 -411260 1001 12395 161872 917281 15489 897560 -159137 -172235 -298388 317931
589240 -17773 -578561 -570940 -66924 682215 78338 -269839 753121 357080 -439862 665600 -865478 776867 -712810 240813 457005 -751485 -187309 699572 898791 991443 746596 136518 -793852 -369409 -105153 -944695 41205 -700083 -978602 479316 385065 484482 -328524 -548477 -451270 824221 74180 641314 696233 -517680 179328 -331952 767496 941582 726302 -600613 -459122 -516761 418431 714600 391462 727477 -835612 -344604 -696769 -142201 -841172 905633
-198324 -474835 -809562 909245 -500619 -335919 -67554 530594 -934265 -259782 -603258 -968383 275976 651711 -565603 909285 608824 -208128 133704 -185797 174077 535448 -337964 -539716 720564 -730863 -963022 489449 497613 -769591 125997 377785 972529 -230045 243538 701391 -741459 -32973 -117043 -591134 -720436 -550320 -950450 297754 761204 220575 981611 -315337 -481275 68427 970588 -699756 -974567 886485 123163 513431 -673730 -117468 723699 698467
566128 702907 630271 806663 218147 947708 882625 -382403 647253 -730474 269588 779776 315805 -656572 -507893 -985110 826482 260554 -778995 -969362 -145881 -588601 -846985 -286405 877497 -190665 413275 -741234 681374 -44838 -450758 338793 541665 -368909 -926222 365980 -578497 966707 -806367 784059 -733214 620699 841735 -590387 650319 872307 -248176 430757 469404 357634 135662 323392 473955 -325205 -935864 -768160 -655530 855554 -797965 -887197
-416664 88286 -134202 271831 730091 -14334 -151128 -669320 669155 -704401 -111802 11839 -523042 -698026 175295 318326 892929 -139604 -302730 57937 -808131 -258987 989277 -992558 -32856 -107502 -696014 -806276 61911 447578 424519 249106 -92901 700326 302929 929830 602741 -246345 -981381 -693628 -234230 605373 707954 -407412 -678108 -371499 890580 61653 -885158 -9923 -554474 -933244 178323 -643091 -452391 779302 -740519 841697 185443 577399
-244127 18685 -723985 -984111 -477229 -252638 713333 -592268 577256 -380041 -700548 -612897 -908535 -929325 -984318 -166683 48713 622503 145145 304580 -854597 237869 2807 429508 -510591 329324 650203 -348665 935181 -222046 452745 816990 -907216 228882 -945436 -832072 861568 -275137 -93801 -125792 -487905 701359 355771 -914738 -61621 247422 39832 304305 -428161 -634625 876799 -509940 99131 -586781 19063 -620598 80228 -174132 264752 -855021
267420 664 581270 378475 130124 513977 26070 -214203 936203 994178 195752 -896834 830914 -764943 -771303 664097 78965 -680978 -596232 -832237 818715 367083 214019 437347 -928015 -30541 345063 -937641 757729 122912 -151640 329592 -65171 296673 -886156 -204562 -216980 291019 -144929 561307 679199 -138909 265235 492544 -382658 -695873 -157817 673064 -721869 -750656 705853 -642654 -563841 -919170 -897040 -728594 162384 110597 219555 747329
-434350 105108 703397 778974 -21313 443436 -319639 418118 -798092 -661630 -76333 -579416 719510 -880524 183742 -494669 -982165 -360811 -416356 87822 181009 -286579 47639 -574471 -47636 -334922 665515 402938 -284508 845708 -402849 285955 347179 211019 -354658 129283 -308452 860405 289202 770320 893480 253123 599937 330072 888850 270389 -960075 -683893 -188236 -83620 -203992 -219299 -324266 377917 -584964 486929 -253717 -83423 640504 259725
192570 217446 -364215 797967 -619422 -14867 968089 -463771 -132177 935385 -126691 574052 453047 -277481 -483839 -445231 367995 -721257 563719 -973833 489877 -104064 -659079 963083 38170 521751 893244 -562722 460603 556937 229087 -414078 -901199 -659545 -422598 -626823 59157 357983 620592 -471270 -642743 438609 -811606 124143 -272843 736522 -33682 899394 493632 -548782 61866 -361873 811239 146674 -354223 -145284 431574 -132297 -679686 -201200
209185 68751 -797303 -837260 494867 763215 -928132 835680 752281 -868887 998382 -405199 760873 310445 -933159 437763 -952034 -667374 582793 490825 547920 -553994 -80397 360764 51756 114885 -437947 -652409 865413 416744 920544 700398 -796519 142636 -225525 -990628 191897 -185836 -38677 -791421 161897 467955 -670932 -399134 826928 322031 469164 -310547 -704703 -261916 -936216 -488747 -885917 652680 608885 935042 452679 -497861 -466540 926195
-218596 446322 182470 -784513 259366 824328 292659 -929049 629166 498751 226314 -282037 -324977 -225844 -942873 37220 -356987 -25769 -435574 977053 577487 746521 -832995 -7953 -227769 -967799 -178034 -510367 -263592 258709 798327 936946 507410 -465771 -744696 72434 261849 -24074 981210 869103 -922355 938772 -299789 217524 -18867 662139 -745217 -193340 -33653 80988 -388389 546271 80197 537876 -285337 -787138 539871 729889 511999 306609
309713 -677795 -206726 830680 -318027 -931159 447373 773441 -764880 -131942 -842868 918585 -493378 794489 -578695 206050 311002 -541771 240888 -752779 313739 -939214 -838398 728617 723089 -625756 671035 -928333 83526 -460709 -174746 -963574 697516 518323 618005 580306 103715 572656 656773 -486402 184943 -77374 300014 -262689 -244219 -880881 54652 565640 -319886 856059 439760 945466 -436766 848980 505150 280438 714996 378637 346431 132796
33513 -126136 -775371 545233 -553160 -684194 -175670 268773 -769001 231324 -483107 592358 162603 -577174 -389704 -542892 -451918 173220 -237264 -849453 -634515 208266 303813 -981094 282807 -773146 -922919 72389 -14615 976009 240597 -368348 858246 -753759 -445981 -103281 468995 631723 394903 866416 67233 828044 -676133 50495 215406 243618 123265 -574286 631334 -197899 986594 909450 -531801 488911 -213320 455559 -809624 695824 486846 752345
376201 938352 331669 874152 -731320 -908233 -230763 -468738 385223 637643 -392007 -951766 262418 507536 -823596 607475 779006 -331292 241969 -982746 538156 -967629 -366957 25575 -602408 706239 836420 -390503 -43204 -640368 611284 799482 699158 709957 -376849 388948 -354002 592041 -869702 552514 -371692 -127372 178865 -607068 -568300 725570 252452 880638 -222426 24436 -885779 321980 -935736 -454848 184450 770440 -734195 515725 -209989 802359
-299796 -389090 720617 -4662 644832 -618079 523808 -450542 726283 -641509 706767 515058 79505 165492 -312604 820753 419251 -464858 -124151 -736653 -156501 980531 -775719 -359531 259930 614731 -143135 -439877 -569496 384843 -679592 -147401 -792549 -41220 634183 -615255 -619375 -40269 804838 779974 567212 -238811 722284 -367599 -958881 -61721 148349 683890 239622 22534 828018 520892 666183 761337 -4441 971862 -154503 616888 -472549 -460693
782686 399692 -594486 692283 118044 -14162 868430 -186364 530519 271801 -663864 -323722 -867858 516435 -524583 687509 906006 -727350 -811372 -4494 -963471 392479 157171 455615 -387170 -363226 801223 279928 -232274 -561318 445464 616358 722458 -426690 -38400 280741 -777602 594451 154336 642683 667910 179557 656614 -858142 260097 346390 -711286 -762004 179990 -655030 -874217 -99199 735525 -42516 -293488 -161592 -438089 -269338 742639 -359112
-719692 182082 923575 -40343 806263 571921 -869815 393286 848855 -526158 951461 915408 501158 -45894 496358 -183743 -162285 122837 250836 -143164 270297 939708 -995057 956947 -687469 341481 -154888 241267 -816340 -920723 372123 -228215 -267697 81173 735697 -973172 -136560 501726 133308 321369 -651094 -14574 -405667 -109082 -759151 -778179 587416 -467629 -477905 -994967 379951 -539632 -223193 -289226 516795 537937 -903397 562035 338125 -775061
-503560 929169 -809855 -151274 772330 -824029 -381649 749022 -194133 892236 790473 247801 25471 179946 525897 982358 -253596 -972119 936760 957321 491794 557227 622414 99571 984416 -90281 461944 421290 417597 -540179 99129 -193977 -419699 -608890 -972856 -777178 328569 -254362 275033 -417762 450648 247257 957165 579313 278560 -773006 -781703 -773087 -898336 -313143 134910 -521415 328750 722632 -309523 -151972 -125909 -521423 270877 -62676
-209320 -124601 -261767 276402 351219 435403 655280 141467 -423364 705168 -395936 -744662 -286237 -929668 919161 829557 -365938 468266 -211136 215028 -549150 -46905 -931999 -269923 89528 -777196 370183 -876005 220477 -701759 -783810 -784499 -373718 740957 -81740 -982107 -166812 -342655 335681 323143 -925559 67988 -684907 -732304 -761591 -983086 803115 -955964 298651 -611917 -370174 -852454 827713 -762452 -85258 -334046 -883168 992794 -401902 408414
-25538 253260 376322 -972210 649671 523527 -527605 585112 141318 65897 -545066 -393471 -262044 681325 839678 405882 -709572 65352 270066 74698 -371902 436048 810923 785326 670890 -697143 -566640 -459241 -39161 -702043 402805 -872040 795266 -188168 126568 -208990 876679 -51051 -814114 762086 -176990 -953970 -297175 524323 2106 -795237 -444458 -371638 -180016 -538919 -714764 -36619 -506210 346510 171245 840826 -636302 -387840 845107 243039
63792 -353491 -369064 538061 -663086 943139 197652 -241462 54396 614619 -609031 597800 -893941 -366360 -269130 -36947 824346 -288906 -383783 -827115 -181328 -133632 -122117 188974 -790151 -840968 15928 -469657 706825 -681006 635833 820017 558468 -394320 -940421 441409 -432037 68661 -568526 -643041 372964 737469 85842 -627145 235436 -509061 -728266 485105 -10426 -563584 -475068 692110 961882 164300 221697 134761 892762 -521496 -133659 223596
488721 -234219 -53988 327829 -242391 -493978 946802 -833126 -490180 584561 292145 -472072 -309073 -688975 -502774 -25228 944445 -552105 -371870 -882535 921215 148947 -642721 316335 523723 425005 -123398 -338708 -572810 257787 953298 -331064 -668200 528498 460014 -380457 -111621 88501 -300270 -998234 -66828 -731825 -916600 271084 -445376 -633999 -8195 835992 145267 -378984 552581 -500958 -640918 -555077 -292164 -85892 252422 993747 -224575 -804122
-20798 -462126 -918714 31193 -276166 -976141 -595304 -397531 946794 192954 350778 -372439 -496633 533779 -832724 956184 -867740 -474737 -299047 -715155 509550 -446653 625073 -406363 -865908 -581105 -711153 -266725 -28135 -648456 679927 113938 -874108 971840 321569 854776 768691 -350114 -288145 -283067 826286 956736 -102245 555549 801038 639483 822208 -873382 540152 -283074 -692069 -363332 881984 919743 390799 -635564 -133091 398728 -624224 695562
82973 878092 938741 -239006 844370 348953 283367 -604722 815852 931836 467641 -688431 193569 532928 -78367 -133221 -397728 387137 1823 -713365 459567 423717 -952211 -539444 -856321 -997543 -263025 155183 -352335 470016 164800 750475 -373184 59064 639457 -530953 -66838 860098 -499588 -911297 647688 480331 765034 409754 -416554 747369 688345 653162 -426376 -768969 41303 -503981 -880688 347604 616579 887541 809738 480230 310955 -10448
-80708 979281 -816005 -902297 367318 -951085 738919 995434 -820760 664146 -161275 394946 -869483 -173509 665192 -356158 925120 -789667 443788 391175 783208 66023 84701 -542981 -959255 -658730 111849 900320 -556397 -693359 -687259 138772 148486 575236 -120433 -404088 -576766 -536935 5558 -759696 -427630 -471791 -189346 -775251 -638153 125358 -213883 478720 138585 761189 -119813 -698153 -679991 -689689 -561930 711258 -263210 612145 444454 -387212
-397383 -477887 -61117 -202781 510977 -698671 -174656 -77410 -332526 611572 879670 691842 534215 -385104 -145579 -886578 432368 467417 -375551 541949 -868568 28588 492551 597147 -237670 -206513 133490 -554237 487901 -747345 846423 -615179 285462 89017 -160165 -489584 182237 852242 -372697 -830670 296065 -139077 144860 -81351 -886411 87935 906781 588016 878100 851839 840887 422869 -111561 -858010 -946141 -210709 -345270 -174470 -634539 -38538
339118 -662407 -106915 747724 -221645 -362480 -964223 967007 520828 -89260 634089 701595 799459 414557 19707 259001 368017 -173563 -513240 140015 257478 -204574 -258345 -317794 -515052 83092 406344 933507 508400 744617 406377 -738120 271476 -789462 -643811 208109 287709 233648 -52010 638835 474971 3284 -18647 -783578 854156 681635 289837 37258 266708 -769555 865496 -652978 840553 -293428 472540 826443 -972670 -927165 521078 -184851
-897200 -3009 -847417 -881197 -934104 -886232 571177 785291 -147359 749471 -33250 87087 787421 872682 -344676 163345 122238 695465 211833 292113 724069 -63333 991309 569786 369120 151299 292827 425129 -245215 131874 -124696 -447995 -530819 -734429 -615962 932680 -290437 -261371 242020 48798 -778068 -665878 -488900 -964567 429856 -237691 -717099 370819 -519495 -666648 -535329 -336326 603917 710066 460463 205719 611855 -283223 641661 807151
-900298 -414418 -460954 905373 317893 -26965 648653 403678 -438996 463674 419407 -140115 15557 607612 -600267 940865 -845071 931231 467898 591274 72527 -782084 192795 184291 320879 973792 995998 -820802 -397720 268529 752937 882273 144704 -548971 870017 -20151 98582 651624 -965468 -807289 -916255 -397107 -977218 -237732 539493 -542961 651398 193664 818379 -360040 849961 738904 -683943 -577634 -515511 66712 -262983 -842385 921635 -925161
-706407 467389 409651 855125 941454 -31749 12869 -36073 20379 -13516 -150387 -761567 55263 280540 676204 641868 393177 160705 705370 640443 354278 -495516 -518781 -165349 104522 812616 -633007 184654 78327 -286029 -655679 -930256 -732700 -801921 774281 573076 -441525 -368920 143422 452377 19332 150999 357713 298435 -555958 -498104 498955 277062 -907160 -990243 287827 505573 -66327 737869 954495 -223523 157931 -940928 96979 -326676
25171 384477 189639 -232475 170550 740932 -802421 540472 520038 223293 -557669 893978 -226762 277057 651708 -19434 573738 713933 77112 219126 136001 17647 570906 -206108 675348 57176 302757 -197514 719171 307933 633106 -261654 926482 -734004 550931 706175 816145 -203906 -566644 388809 -285870 398055 -7624 858052 986135 -978533 622987 930238 -62581 181045 944159 125801 827547 756242 -835511 890207 12716 522502 -319533 -912942
-178376 383002 527084 -233349 -762559 85298 859391 -38809 -556921 -164596 -725692 -667897 828305 -82034 320235 65721 -428440 727476 565788 574864 584387 884389 625871 781520 -877011 298458 -525684 846502 241982 -549775 927273 -398154 298236 186782 -762037 -934487 701784 659237 -58002 673236 -615702 153080 -672292 -200048 -850323 -183911 -702276 481298 -542380 -198304 -511148 932858 -521990 -878303 -793624 -533063 -704609 982602 835620 57630
669188 -97218 -713014 -4324 10226 -735686 -913954 -262553 -330541 -379079 -459666 -828485 -686114 -642549 61411 -495701 -92001 628744 -55501 -513237 -978613 204507 -342095 -945110 -864773 374965 708115 889392 -175132 143690 -132048 -107447 932464 -115284 689505 -590570 668124 -60008 292791 -496918 592794 467281 567118 -866483 -673158 -244331 -767919 -536792 851173 -392442 -529782 -769754 67299 -655130 203645 717877 89421 775830 25945 -819747
738905 -63001 234813 468850 -58335 -779555 978190 137839 -851562 903799 202137 -669773 -520965 907179 765652 -612848 -413675 -872114 -288172 -225376 455014 -478086 275059 -676645 359440 457667 -400563 -216766 -935230 704633 -104051 -706267 -815505 -633192 -518722 -282511 -512869 -376331 976288 883373 544732 -750357 171348 -818641 -717374 -84072 -411832 411527 -276762 -663237 180881 7737 -193154 -523311 937210 480049 232231 -436361 232728 585646
230309 439471 497434 -617990 -565283 692247 -296974 -326501 253156 -329060 188568 -447235 532123 -480838 -510961 -331200 -605123 891575 -135940 -370453 -179228 -805083 -941087 471246 626495 -603618 -594708 -733865 -811530 944036 -45198 481868 -491173 -784546 315736 196707 418367 -398943 -224902 -941791 384456 464535 -269771 82751 -80385 135518 -953500 -97226 -546988 -107785 -392701 710911 -600748 394627 -450472 -213839 -996023 653234 -173728 821239
966801 333056 900931 564353 961220 963080 437345 -853644 -886193 -694663 -276542 -888292 128573 887338 -42849 984472 627342 29098 238240 30152 -201691 -61144 -876534 -234192 -22165 -64912 -816395 -672057 -170517 -340471 500227 -922341 415607 -961916 -539039 18095 -707302 -865497 -794845 -55683 -37027 -375660 384592 908176 -691495 22010 779497 756871 -14118 -799030 -580644 268211 979985 379365 -661043 310533 878260 -104541 -166645 111425
-610655 -373787 -809920 -356716 869625 -891351 282244 670368 -794158 929949 -394926 -149709 -902277 -502127 229549 -80654 556238 390618 -27684 -610860 833053 517234 262844 -224848 -470999 428050 956887 746897 728965 -748232 -162729 104590 -938038 -442261 205743 216944 -727729 -445879 885828 274626 -270333 -767229 -76319 89787 -550419 -510945 815126 -661514 75381 -54509 -32539 -693669 -839679 18391 -620258 -613724 926778 -178684 -758487 -72608
-83856 610196 -168666 955499 338577 550099 -20355 368040 906688 279657 206974 106142 616309 -904241 -436197 857863 -866317 655650 -914019 -534437 435514 -618005 404802 210282 -597424 -622671 390666 906076 -348202 -955164 -656500 667124 -299877 -17772 -642857 -413060 933721 994541 401796 94605 544345 657546 -285845 -522958 -413557 -764026 879063 -543026 257337 -866487 881266 -252800 -853533 847458 -612852 446399 -207585 -258843 -566044 340236
522325 -813315 358184 -939621 -464776 827863 137994 220959 -713037 653761 -967206 -228350 -501515 -139136 315635 602605 461345 130747 -731985 48249 -59836 -315272 845728 72235 801000 -316473 -909535 381944 89318 837622 17181 472779 -447117 -907440 586387 -67056 -603893 644110 -540153 979360 840598 41403 252558 -331100 345324 577701 -564021 -357132 -516367 279671 -260360 -211331 -678129 -288756 548415 975153 664799 444276 215278 818431
-341571 387552 618413 815497 -1766 -634571 754442 -671709 -549777 -407600 -908262 -96305 -375274 654417 226611 -574887 -736880 -998877 -183777 889365 574126 922083 249197 -726238 -122879 -646930 800659 583543 -828075 337911 737554 443859 -440339 542512 312344 -136769 -676906 -742451 95459 -862291 790103 -935497 412571 -995975 750963 -231061 -330077 39984 -68640 -187954 -150148 -412560 129463 -580908 294675 -91715 784847 -785738 968692 -821679
104280 -405062 -965193 268292 578844 -910601 889614 -971272 470085 938582 -259649 435879 -738532 -793428 -155671 166041 745177 -626689 -126669 -161500 864790 -447270 -126314 783606 55671 -352603 -391784 717360 210052 -795792 357224 -990697 690676 -374952 545832 402756 849214 -965506 814957 592349 -753188 837505 774318 -502608 338508 -676539 418184 644056 283650 -588176 771017 -322306 308075 914894 -409566 -259026 -567802 -572530 855900 398504
619492 429098 573228 -337915 -456785 -244196 -351888 -146178 -988830 -262611 -391708 966907 -204212 832250 -87992 700047 319914 671892 231924 -784003 952683 -550813 -291054 -255814 -395438 281100 -138302 229463 906991 715761 -459231 56025 755880 594989 -911562 -857747 -281318 -963482 853506 425405 601997 -521704 555671 769826 226055 -24981 210529 -295597 -589554 -533369 -771684 -447610 -822835 846010 383436 -351735 -990921 351091 526005 344980
-129898 -12783 42151 -250979 -308186 519799 147486 -889298 708046 -386398 -348832 -276424 990041 -81932 -386243 -647839 -319144 167282 -547276 763662 874310 -583112 -36617 -392246 483853 -348178 17716 444725 -157905 -46100 -414833 -925400 910466 512395 443552 257752 448040 569430 794107 -439923 945172 909867 897141 -20491 -689518 -301836 -180267 917819 78131 942387 227396 -537973 -658699 701698 -644541 -478791 -506245 -86519 810693 219286
715949 -337280 726557 -79985 147387 774581 -159 -751266 485087 515552 162011 -281270 -702157 741402 791768 466224 -827182 751152 960912 -76558 547286 688914 -40930 -930230 -482151 -977783 90235 72805 -766250 802350 -669175 -601453 -399778 357371 -847164 -325711 804335 -369848 -869102 -530023 440207 127494 992166 49849 29756 -33499 366453 133790 -240102 -206207 -213192 -119452 -962067 -57624 -187112 -174173 380781 -128913 -856133 -103556
877113 -957495 71105 925685 563796 333710 -218938 -240564 -374838 -768666 530168 159634 603771 -624863 -731291 593929 377819 129585 269394 -720864 -13233 -876310 -116557 257101 33359 -322683 -874724 -29922 -812680 995625 -290242 262402 -952803 -137599 449217 -241814 556144 -80493 455688 -277111 -96161 215568 -197204 962171 522771 -160588 579489 -59643 -113925 539731 -121941 -89919 -981033 800134 -678496 897345 179216 -317080 -659833 -425842
451337 -68819 -735047 -816184 521196 -261900 -335628 807781 447855 785419 72448 -621412 392096 -802261 413627 56682 434719 -150217 829884 597852 252245 -508506 854050 -555574 -309702 -735974 304264 -98712 535043 91276 317813 -109798 256068 733961 -345583 690934 583973 -939193 -766660 536833 -886649 -643455 226727 -889854 538768 905284 -233687 66510 260188 -165850 -300561 18929 -984688 -35543 891238 608185 -49475 306718 28009 9839
-242667 -375049 929173 -902453 -828572 498832 986377 -714813 -534291 18842 471917 -444466 -524177 -260717 758643 506874 656818 997599 546856 -68185 263431 -52718 -673527 -556163 464493 -220166 -579358 934230 -201577 -280778 -981285 -826664 837581 -44048 -212229 -898282 888725 503152 -612112 -510216 390891 -771714 137623 972713 810469 242629 -549580 506614 -922873 -516091 223133 896282 950323 31623 -264221 176676 -456304 -147479 -66498 741376
-40000 -25000
