40
-245635 -436883 162514 -351822 63530 420809 55963 48969 250583 308802 -124291 238339 -47629 53336 -490825 289825 217063 370386 42277 180454 -144561 -170317 417543 -232062 349465 -490590 -393656 376771 476759 -29551 -222053 85768 -444925 -216737 21268 -82730 -343229 200906 174832 -329228
51944 -75759 -320990 10323 -120559 -257900 -493677 -79155 -239131 -47948 -265811 -715 306091 -315264 -320112 -277064 101449 -392935 204712 197550 288979 398811 -124110 295874 -474299 -475960 -215771 -89211 -46462 -151507 8485 -296177 269846 -277187 403740 153914 -150552 -44402 -287962 214132
155196 454755 -177408 -257247 -335071 69220 469055 -4169 -59872 -20023 -18877 -211510 -126419 -303575 -80908 -122231 42872 293136 395041 -233485 -391381 155095 233446 203409 -16169 -433870 -365617 447365 56641 -143290 325311 -22766 -188513 -132425 -94811 218938 -143224 321596 26939 447613
-49536 -205866 -122972 487839 -478631 -489746 327807 292228 291226 -321407 365368 -442135 421414 235819 44068 339284 -324048 383646 390751 187293 -138173 -34395 -227950 -402569 270321 260529 68982 -463568 -41487 -85529 153996 -135547 52964 238779 -2566 257692 289988 -62848 -498642 -252666
-169115 -310456 260852 327322 -221077 -428369 -110668 173770 487692 477926 287764 176485 319826 163863 229644 82949 376181 -327476 -473267 243019 32336 -284756 -325422 114967 88504 -340045 201653 192175 -218187 185772 377980 327555 -359721 -196943 -290805 2358 238975 168852 321112 413994
-270083 377268 98380 -481440 248786 183455 -463346 368278 468958 14458 146438 394307 -229170 -382203 -301674 340038 21136 364836 241383 162350 -403847 -264378 314791 119605 -32897 412575 441155 291215 -55770 -255731 -70571 384842 321702 185691 -406369 385525 486240 -410930 -182369 -41705
201581 -342206 -269380 -145066 -155521 -126144 263641 -195501 -468154 123464 -271440 -371146 -485881 416604 -429217 -239573 -60696 27938 362018 -189420 188505 64616 417346 -150553 -297669 42075 247022 -394405 -364273 -448288 -217980 -428049 -156263 216129 -499059 -21017 -65387 -487157 -253751 461718
132129 -150318 -309064 -381383 -189688 486338 26277 308251 9468 190125 31578 -299350 -412866 257111 402691 226612 161185 -119149 -254786 -306254 407472 -462842 302412 -180308 390873 -215647 410934 -182704 -41967 -257581 430606 448849 290050 89515 342913 463451 -246838 101038 -289925 221847
344397 -32956 222469 57056 -265819 405544 -376495 81707 -165317 473056 -304656 -29928 -197190 203254 40590 -287525 -476677 -466379 -17459 495562 -87277 -246892 -253038 296538 -384930 406595 -287502 385601 189292 190537 29605 -10476 -405229 390352 438465 -94094 -60135 471262 -89150 357249
-239097 38685 295138 -140023 -495091 445176 6269 -358081 300801 345702 92215 -467610 -227066 492842 -105162 222953 -141148 350517 -399715 304713 -124276 -330271 14099 109391 364102 354377 479866 392826 -304463 -348098 220995 256832 -262469 -439813 -71839 -25691 237076 -389081 308654 -42620
271852 22105 206869 284840 496525 172747 -293195 -116902 -28690 -127112 -436422 -390033 -93740 -243047 460285 -404780 -147590 -135273 -173867 -351571 448348 -99467 -370634 -346249 -232759 483860 3737 64023 481997 -90518 -433010 -430856 338916 89390 247178 -475240 -402543 -114799 -224747 153455
-243009 -224808 -385561 111687 -37173 18100 -414460 -487975 44557 277373 -149635 -343897 -340219 -137303 -188938 306647 -216348 368319 310933 -48941 264033 85523 341689 378016 298177 -436751 -126372 -104984 -94141 -231801 -170024 -109520 262729 -420298 -113627 -261397 -480233 285298 -281919 -17196
-144444 33316 14836 261659 9211 107141 49443 251662 133103 284730 379561 303514 160636 193945 262823 -112296 51912 391457 193201 -475912 -485924 -161404 465 7183 -220150 -424001 -208296 410406 -47229 -114705 278539 443460 303916 85171 -186019 349298 -415815 -484412 -404096 459044
405685 400216 -48508 331074 228034 373898 283094 -295900 -329265 227279 -270149 201247 -281423 -156529 493764 75892 451242 -206579 -92907 113707 -53124 -334970 153950 43904 42827 316490 -127823 -445120 250773 318770 293452 -94071 231188 -311019 -252682 37280 -236498 -26981 -129523 -74094
-401738 -343036 -498918 -231333 -143577 -442181 92369 -468453 -287758 312065 -52476 206446 397738 350554 -6107 -257959 -402141 104394 -162345 -16887 18195 124132 -413045 -429459 461170 -270314 294058 -214082 -335945 455360 -498420 -470996 183850 227793 -9450 -85598 -151298 151423 -354212 -473495
-279820 460903 -292334 456749 386866 373643 135290 349570 354372 474490 336253 -283027 480980 -8550 -56595 64953 -319869 160590 349518 -353414 -265317 124713 -207818 -124130 317600 191686 308948 -81941 -2951 331709 -248536 289046 -81992 -484182 -320105 347734 -71537 92993 12185 -72271
94509 -137392 209870 -86201 -153723 -14110 397617 -83398 -491850 -426387 -181016 -214839 -364595 -349646 298425 -499838 68277 -287540 -34782 103650 -117102 -161490 -215066 -133232 -340846 -296873 -340600 36711 -59686 -485274 -245733 -354961 338577 236124 -457950 -229624 -176661 -146109 289454 403640
483433 34291 443993 429237 -272920 189239 -236546 -238860 -230511 -156816 -270930 321364 389888 9187 -10842 94373 -482905 -148811 218273 -352265 29901 -333233 287536 483922 199149 -263506 -151198 63136 88989 -482052 100283 -169057 -375794 -368509 -361025 125232 -285148 -305018 -206378 -373034
-45899 -40738 361175 -214602 -440133 -315891 428432 376449 74410 -69960 -265068 475194 -452410 127796 -157274 -435136 -8852 -36328 122302 119700 -394622 492273 -173357 421336 17365 -134794 452086 392873 -455610 194027 -11820 99775 426283 417461 -183467 97524 235763 311031 67149 -20736
131024 -378254 -48712 -401981 384005 -29596 109210 90397 9877 -115933 386775 148030 310580 -24114 358550 99868 -85791 -488386 -23829 -365581 -334143 194094 -305352 -189853 457379 -452900 395913 -53460 -30796 -405314 330201 -120770 47989 123333 369798 -21354 -51841 -356973 102007 -395287
463688 422824 316392 -381214 -268449 -77820 466637 257520 -254404 -356736 64080 -192855 295631 57499 426395 -387087 -263763 288206 -96256 -406489 -69085 -438594 -266015 428370 -438771 -127891 -310177 -496316 -89654 -322019 -309003 -100701 -180185 238211 -212356 147014 -27217 16283 342342 -131995
-26791 204378 215686 -212413 -325849 -345171 -372460 -424499 -175350 -88444 -476271 -412530 84406 302346 -93007 -229474 54360 -277361 37706 -60685 -286775 174143 127317 421662 -450150 -160862 -149446 -332901 -460028 -24248 41569 -151828 -279328 229971 -188382 -206741 -203512 -256725 67856 -226355
-314103 -283975 -261953 152974 -79829 -26842 95244 -10948 436746 206502 204748 -301219 -358219 -63985 437072 -111110 377374 368948 -454565 20420 147095 195150 271962 -444981 3699 16632 107925 379094 424597 -384773 322306 -100550 336700 271152 -164228 -140914 -410778 -174275 -423065 -370724
372530 209321 -376128 -458016 -366562 210926 68252 -251325 263849 -391155 370214 151315 -277243 33259 114368 342962 50570 340806 344352 -19498 -214269 139288 -348160 -496353 121532 -272253 164088 293110 446335 -362295 -249622 405361 161130 303379 136802 -130530 -2397 -362970 136402 -235698
320069 230981 -56175 -437719 90106 -405326 -313866 -328860 101556 -74298 246493 -281583 -328471 96958 -368042 399434 -109207 478050 -494481 267374 -55922 437373 77084 480776 18466 446796 -328735 261309 484747 345083 -71850 459406 214194 347836 229679 276434 486142 -75728 120176 380895
-189936 52483 -321433 20065 -100192 214596 102616 -481503 -48153 -211309 135710 95453 -373517 -76863 -174041 145081 -241498 183208 107581 474287 -323477 -59647 4003 -278741 -133208 423674 92439 -307420 -364079 -251031 377186 179679 260123 -188030 466408 303362 -469480 384273 496237 -450298
479011 -244161 96611 373377 468997 -265397 -148291 461273 -388024 347609 329989 20734 192861 410386 229339 412759 -77712 174051 -29831 -138183 112702 454974 339412 -216658 142925 241175 -197050 -263507 -263292 251286 -203206 -412351 -417090 89028 387672 -208341 -273911 -35525 58239 -308469
84668 193530 -199335 -57273 474984 -444781 -37442 -337425 293118 281497 -67774 -4551 415539 250082 411287 420012 342107 -356629 -133305 -376478 350365 -62696 -220237 243039 -383258 -348755 194309 404015 193697 489004 128207 -255749 402088 -158515 313551 -52230 -11784 138649 36076 280300
-177805 445414 466374 -47315 72144 176159 -406593 -132217 199283 -286509 9906 -143192 255574 448424 176433 -405112 -229918 -313769 -33282 182224 34303 106611 -380371 141505 -361886 -475034 -358878 268183 418383 169509 -319972 70267 94017 5775 -227161 190892 -181837 -381518 329345 -61063
-278835 312239 76058 -69472 -444368 308526 -138248 380968 195119 -107079 91014 -122252 -102897 -310661 -43747 162240 444117 407264 131851 87437 297396 386178 -1381 -55071 -247981 268500 -485007 -74829 351296 239333 329511 -342531 -445301 7978 209268 172953 -452678 465699 402572 -16355
230057 84151 337135 -119260 -255365 -262548 27805 277629 -400360 221008 395679 -292479 -82903 -436252 -357117 372186 -166136 -428147 169179 -442754 490310 -243898 -385753 67031 -388620 234437 -207629 215535 -228794 -154544 380905 315305 -66130 407046 -400357 -92532 -320411 -370893 408031 -478169
471297 392963 200868 464431 400110 -93765 121890 457757 -467962 -214744 -210036 20911 -107165 -248403 88291 191517 330660 194654 -239157 363399 435605 209410 -481947 495294 -233884 -46738 -448221 -301133 368255 -69758 -490939 308903 -31744 -142150 257743 -402674 -269863 -194615 -197523 309921
251901 144567 -6616 -367037 264250 -288778 -384867 -246019 -46670 113922 311821 -20042 185089 -180261 368177 215030 299531 -367951 161393 6275 52361 220828 -247855 -54635 -374888 -228276 491594 34357 166971 -443090 -390126 332226 -93725 151864 107681 -77910 13271 -211190 -43326 482989
-247061 271193 -385669 231595 53303 428265 -299358 -499153 403339 -33838 315718 -359527 -184216 80074 183216 306557 -189272 324530 -95906 -365403 -435847 323129 -440564 -154046 -461759 78763 -278528 118108 -421771 -499705 -226839 -21532 195217 -207318 -56293 -321406 -211944 359288 -403509 332421
80974 485736 275298 77958 3290 304465 274679 412953 -437582 -479821 359404 -450720 -319048 -48202 363475 235490 -168835 -328463 287276 -403031 -43443 104209 -476346 -275656 267860 395942 335712 475973 160102 21286 -240697 -329462 -416184 -382257 -493329 -415362 432356 -17426 114947 -49286
-301207 -481698 243260 -354540 -43140 -442902 -150114 29183 438308 -68212 -401967 284293 -424807 -271451 464432 -243245 272233 305393 95371 -326370 249648 -267729 -269559 177296 430579 -208780 -176139 180500 -431988 13371 -346267 -253026 -217644 -301225 -459655 -211707 490449 -70234 -130641 145855
-90001 464534 -351707 -209040 302154 240026 127694 -169703 -447433 -367760 -22535 -245676 61486 88616 -138800 489247 475173 175424 348419 337815 -442303 22362 81940 323539 -327321 -444463 446134 -72087 -88311 -188863 -8474 67454 -241485 -211582 476136 -417005 -380291 -363365 100904 332260
-381998 -291741 -228211 462147 489072 -74792 -199072 354902 -336536 -272331 -415597 439563 280534 154875 329321 -34728 483645 354522 235222 384803 -260225 -312987 433140 79907 458487 71604 191210 309183 -311357 120701 -48091 468811 319745 -337379 142302 477796 -184423 337398 118462 315237
322220 -242626 -203498 -496695 -369844 19290 -239831 495632 251294 347563 222451 -289193 -396207 -60690 400850 250708 -89050 150963 237349 227198 -472861 131115 -354304 72005 -416467 -148658 -333463 149377 -452765 -146892 290339 445922 128002 -481999 -62163 104929 -290591 -131768 419215 340249
-216572 399031 -24660 -174106 321759 158587 295842 493996 -95048 306768 -53643 -29127 -71585 406317 86515 -391988 467232 -366157 328044 -449714 392438 -69781 -90208 245647 373115 -436082 129699 321942 -130609 159713 -253921 -304144 235564 240928 -465848 -82593 -492599 -469001 150820 -293961
10000 100000
