20
673 6793 4611 -1019 -6974 6703 9061 -4972 7311 -6261 -5902 7337 -598 -2446 -9790 -428 5856 -8908 9124 -273
3746 3605 -6411 -6454 9780 2650 4126 -1229 -4192 5448 506 -3617 1954 7574 203 7930 -9350 2059 491 5061
-9472 -1256 2597 9214 7354 9658 -5683 4056 -2718 7426 -3362 4381 4622 -2434 8106 4306 3912 -3400 -4632 698
-3952 783 5845 -6188 -2495 -5665 -5667 6950 -452 -5162 6092 -1390 4308 -7056 -6589 -1405 1047 -752 -1475 -1234
4291 7337 -4380 4590 -1783 165 1117 -6460 3539 -3666 -2708 -8186 -6062 1943 4139 2110 -5320 -896 -6268 -3709
7161 -7868 2654 -5140 -3945 2390 4600 548 587 1232 8619 -9988 -8171 -351 2529 -3199 7969 6985 -3315 6399
3937 7166 -1116 -9432 3540 2567 377 -4658 7109 1775 3866 -1181 -8438 7766 -7632 3373 -4362 6884 -7142 -1391
-9198 4731 -7981 -9689 5152 7545 -1299 3319 2007 4795 -8214 194 8333 7025 3827 -1467 -6321 -9503 -3839 -4839
-8799 -3025 6232 -4599 -7181 1860 2193 -4026 -950 -7136 -3755 6596 9723 -5638 6980 -590 -3332 -5004 5844 -9872
4271 -7442 4030 5064 6629 2152 -8419 -3394 -4847 -1613 6198 1212 2089 -791 -8780 3083 2677 9982 -9597 2321
-6554 4941 1061 9676 4332 9699 9874 9552 -439 4781 -3480 -6580 -4422 1607 -4462 5166 6990 -8606 -1675 -7398
2783 9078 1497 2814 9129 -8463 3348 8164 -2332 3329 8506 1025 498 7840 -8213 -3799 2575 642 1443 4935
-1108 -250 3874 -1215 5210 -4696 -9485 -8380 4493 -199 -7838 -3342 1322 -5816 4547 7607 -7142 -3547 -8195 -9971
-4771 -296 2015 1937 6251 758 4591 -2891 8428 -229 1999 -4593 -4029 7942 7571 -2374 4764 -6280 8454 -6098
-5879 1693 4737 9607 -3318 5737 -241 -600 5357 -5958 -2312 1046 -502 -3140 -7451 9609 -9277 -7437 4017 8378
2042 9704 402 2824 7389 4440 -2693 -278 485 -2880 8964 3709 -4231 3356 3641 -2761 1808 -8090 3632 -7078
-463 -2950 -2755 -4991 -538 -2037 -5208 1271 -4310 -1454 -2471 -317 1538 -2711 4670 3135 -4948 2303 3983 -3405
-5810 -9061 4601 -7865 2016 -2091 -1364 9204 -3155 8713 -6377 6185 -952 -196 3703 7912 9470 5023 -9143 -2023
3296 -1244 8248 1084 -5244 -984 1108 7140 887 2230 -4019 -9709 -8731 -6794 5519 -7814 4751 -4098 588 1778
-4938 -7125 -5367 -903 530 -231 -9241 7052 6074 3639 7603 -6128 -3752 -9014 -2600 -1708 -5000 -3361 -715 -5080
25 120
